 0  1  1 0 1949 9999 元日
 1  1 15 0 1949 1999 成人の日
 2  1  0 2 2000 9999 成人の日
 3  2 11 0 1967 9999 建国記念の日
 4  3  0 4 1949 9999 春分の日
 5  4 29 0 1949 1988 天皇誕生日
 6  4 29 0 1989 2006 みどりの日
 7  4 29 0 2007 9999 昭和の日
 8  5  3 0 1949 9999 憲法記念日
 9  5  4 0 2007 9999 みどりの日
10  5  5 0 1949 9999 こどもの日
11  7 20 0 1996 2002 海の日
12  7  0 3 2003 2019 海の日
13  7 23 0 2020 2020 海の日
14  7  0 3 2021 9999 海の日
15  8 11 0 2016 2019 山の日
16  8 10 0 2020 2020 山の日
17  8 11 0 2021 9999 山の日
18  9 15 0 1966 2002 敬老の日
19  9  0 3 2003 9999 敬老の日
20  9  0 4 1948 9999 秋分の日
21 10 10 0 1966 1999 体育の日
22 10  0 2 2000 2019 体育の日
23  7 24 0 2020 2020 スポーツの日
24 10  0 2 2021 9999 スポーツの日
25 11  3 0 1948 9999 文化の日
26 11 23 0 1948 9999 勤労感謝の日
27 12 23 0 1989 9999 天皇誕生日
28  4 10 0 1959 1959 明仁親王の結婚の儀
29  2 24 0 1989 1989 昭和天皇の大喪の礼
30 11 12 0 1990 1990 即位礼正殿の儀
31  6  9 0 1993 1993 徳仁親王の結婚の儀
90  0  0 8 1973 9999 振替休日
91  0  0 9 1986 9999 国民の休日
