2008   0 122  23.44039   0.00002  -0.00008  -0.00003   0.00000   0.00000   0.00002   0.00000
2008 121 245  23.44014  -0.00005   0.00013  -0.00002  -0.00002   0.00000   0.00002  -0.00001
2008 244 367  23.43993  -0.00030  -0.00002   0.00004   0.00000  -0.00001   0.00002  -0.00002
2009   0 121  23.43969  -0.00002  -0.00010  -0.00004   0.00001  -0.00001   0.00000  -0.00002
2009 120 244  23.43937  -0.00008   0.00010  -0.00002   0.00000  -0.00001  -0.00002  -0.00001
2009 243 366  23.43910  -0.00032  -0.00004   0.00004   0.00001  -0.00001  -0.00002  -0.00001
2010   0 121  23.43881  -0.00004  -0.00011  -0.00003   0.00003   0.00000  -0.00001   0.00000
2010 120 244  23.43845  -0.00011   0.00010   0.00000  -0.00001   0.00001  -0.00002   0.00002
2010 243 366  23.43815  -0.00035  -0.00004   0.00006   0.00001   0.00000  -0.00001   0.00001
2011   0 121  23.43784  -0.00004  -0.00009  -0.00002   0.00001   0.00001   0.00000   0.00002
2011 120 244  23.43746  -0.00012   0.00013  -0.00001  -0.00002   0.00000   0.00002   0.00001
2011 243 366  23.43717  -0.00034  -0.00002   0.00005   0.00000   0.00000   0.00002   0.00000
2012   0 122  23.43686  -0.00004  -0.00008  -0.00003   0.00000   0.00000   0.00002  -0.00001
2012 121 245  23.43650  -0.00009   0.00012  -0.00002  -0.00002  -0.00001   0.00001  -0.00001
2012 244 367  23.43623  -0.00032  -0.00002   0.00004   0.00000  -0.00001   0.00001  -0.00002
2013   0 121  23.43596  -0.00002  -0.00010  -0.00004   0.00002  -0.00001   0.00000  -0.00002
2013 120 244  23.43565  -0.00007   0.00010  -0.00002  -0.00001   0.00000  -0.00002  -0.00001
2013 243 366  23.43544  -0.00029  -0.00004   0.00004   0.00001   0.00000  -0.00002  -0.00001
2014   0 121  23.43525   0.00002  -0.00010  -0.00002   0.00002   0.00000  -0.00001   0.00001
2014 120 244  23.43503  -0.00003   0.00011   0.00000  -0.00001   0.00001  -0.00001   0.00002
2014 243 366  23.43491  -0.00025  -0.00003   0.00006   0.00001   0.00000   0.00000   0.00001
2015   0 121  23.43481   0.00007  -0.00009  -0.00002   0.00000   0.00001   0.00001   0.00001
2015 120 244  23.43467   0.00002   0.00013  -0.00001  -0.00002   0.00000   0.00002   0.00000
2015 243 366  23.43465  -0.00020  -0.00002   0.00005   0.00000   0.00000   0.00002   0.00000
2016   0 122  23.43464   0.00011  -0.00009  -0.00004   0.00001  -0.00001   0.00001  -0.00001
2016 121 245  23.43461   0.00009   0.00012  -0.00002  -0.00001  -0.00000   0.00000  -0.00001
2016 244 367  23.43468  -0.00015  -0.00002   0.00004   0.00000  -0.00001  -0.00000  -0.00002
2017   0 121  23.43477   0.00016  -0.00011  -0.00004   0.00002   0.00000  -0.00001  -0.00001
2017 120 244  23.43483   0.00012   0.00010  -0.00001  -0.00001   0.00000  -0.00002   0.00000
2017 243 366  23.43499  -0.00011  -0.00004   0.00005   0.00001   0.00000  -0.00002   0.00000
2018   0 121  23.43517   0.00020  -0.00010  -0.00002   0.00002   0.00001   0.00000   0.00002
2018 120 244  23.43531   0.00015   0.00012   0.00000  -0.00001   0.00000   0.00001   0.00002
2018 243 366  23.43554  -0.00008  -0.00002   0.00006   0.00000   0.00001   0.00001   0.00001
2019   0 121  23.43577   0.00023  -0.00008  -0.00003   0.00000   0.00000   0.00001   0.00000
2019 120 244  23.43595   0.00018   0.00012  -0.00002  -0.00002   0.00000   0.00002  -0.00001
2019 243 366  23.43623  -0.00005  -0.00002   0.00004   0.00000  -0.00001   0.00001  -0.00001
2020   0 122  23.43647   0.00024  -0.00010  -0.00004   0.00001  -0.00001   0.00000  -0.00002
2020 121 245  23.43667   0.00020   0.00011  -0.00003  -0.00001  -0.00001  -0.00001  -0.00001
2020 244 367  23.43694  -0.00005  -0.00003   0.00004   0.00001  -0.00001  -0.00001  -0.00002
2021   0 121  23.43719   0.00023  -0.00011  -0.00003   0.00003   0.00000  -0.00001   0.00000
2021 120 244  23.43737   0.00017   0.00010  -0.00001  -0.00001   0.00000  -0.00002   0.00001
2021 243 366  23.43762  -0.00008  -0.00004   0.00006   0.00001   0.00001  -0.00002   0.00001
