2008   0  32   2.005386  14.065390   0.031982  -0.300769  -0.102829   0.001499   0.169991   0.048096  -0.085551  -0.023082   0.025011   0.011162  -0.003109  -0.006307  -0.001790   0.003102   0.001688  -0.001109  -0.000939   0.000185   0.000440   0.000096  -0.000180  -0.000114   0.000057   0.000070  -0.000009  -0.000034  -0.000003   0.000016
2008  31  61   4.279859  13.249894  -0.171991  -0.196219  -0.023503   0.154473   0.095700  -0.083830  -0.037794   0.029052   0.011544  -0.008189  -0.005697   0.002398   0.003017  -0.000831  -0.001358   0.000264   0.000576  -0.000048  -0.000252  -0.000010   0.000112   0.000015  -0.000048  -0.000012   0.000020   0.000008  -0.000007  -0.000006
2008  60  92   6.618145  14.095221  -0.222402  -0.087809   0.148763   0.138217  -0.098180  -0.093692   0.048649   0.026698  -0.019683  -0.004739   0.008846   0.000980  -0.004196  -0.000065   0.001837  -0.000237  -0.000755   0.000227   0.000307  -0.000145  -0.000121   0.000082   0.000044  -0.000045  -0.000014   0.000024   0.000004  -0.000016
2008  91 122   9.393451  13.581878  -0.299392  -0.020357   0.217624  -0.090837  -0.146782   0.071899   0.046494  -0.029514  -0.001319   0.010002  -0.005988  -0.002585   0.003795  -0.000030  -0.001433   0.000576   0.000310  -0.000414   0.000038   0.000179  -0.000085  -0.000044   0.000054  -0.000004  -0.000024   0.000013   0.000007  -0.000011
2008 121 153  12.110778  13.940674  -0.413182   0.105770   0.137273  -0.198774   0.065578   0.122446  -0.049598  -0.020551   0.015826  -0.006851   0.000955   0.005168  -0.003603  -0.000975   0.001672  -0.000473  -0.000174   0.000360  -0.000229  -0.000058   0.000146  -0.000049  -0.000027   0.000035  -0.000016  -0.000005   0.000013  -0.000008
2008 152 183  14.931779  13.491816  -0.348226   0.346732  -0.013556  -0.014937   0.182421  -0.040230  -0.049642   0.015552  -0.001274   0.002685  -0.000087  -0.003977   0.001786   0.000839  -0.000588   0.000090  -0.000121   0.000046   0.000113  -0.000081  -0.000010   0.000021  -0.000005   0.000006  -0.000004  -0.000003   0.000004  -0.000001
2008 182 214  17.911862  14.040318   0.050264   0.453776  -0.043520   0.105500  -0.015431  -0.128652   0.006014   0.019443   0.002403  -0.000587  -0.000275   0.003232  -0.000496  -0.001516   0.000025   0.000225   0.000052  -0.000094   0.000013   0.000075  -0.000010  -0.000025  -0.000001   0.000006   0.000000  -0.000004   0.000001   0.000002
2008 213 245  21.294833  13.993277   0.351217   0.111185  -0.110833  -0.065756  -0.135255   0.029563   0.067620   0.004882  -0.012061  -0.004245  -0.001488  -0.001273   0.001473   0.001666  -0.000112  -0.000591  -0.000161   0.000024   0.000025   0.000060   0.000040  -0.000018  -0.000026  -0.000004   0.000005   0.000003   0.000002   0.000001
2008 244 275   0.023861  13.621082   0.241215  -0.154060  -0.149563  -0.104115   0.055416   0.100152  -0.009089  -0.034479  -0.005385   0.005761   0.004742   0.001416  -0.001906  -0.001640   0.000304   0.000733   0.000163  -0.000171  -0.000156  -0.000019   0.000066   0.000041  -0.000012  -0.000022  -0.000005   0.000006   0.000005   0.000001
2008 274 306   2.726426  14.117512   0.035127  -0.246172  -0.102065   0.104585   0.153806  -0.037932  -0.078011   0.008340   0.026587   0.002053  -0.009287  -0.003792   0.003470   0.002632  -0.001142  -0.001380   0.000234   0.000650   0.000047  -0.000288  -0.000090   0.000116   0.000067  -0.000039  -0.000039   0.000008   0.000017   0.000002
2008 305 336   5.488058  13.746950  -0.049168  -0.247737   0.040260   0.231697  -0.028950  -0.133270   0.012865   0.047217  -0.005889  -0.017537   0.003239   0.008104  -0.001732  -0.003743   0.000881   0.001664  -0.000453  -0.000756   0.000236   0.000353  -0.000122  -0.000165   0.000062   0.000079  -0.000030  -0.000040   0.000012   0.000025
2008 335 367   8.239712  14.138554  -0.127985  -0.281101   0.169653   0.087318  -0.200424  -0.018964   0.097186  -0.002990  -0.032093   0.009214   0.009823  -0.008057  -0.002678   0.004744   0.000262  -0.002231   0.000430   0.000907  -0.000467  -0.000312   0.000319   0.000071  -0.000177   0.000014   0.000084  -0.000035  -0.000032   0.000037
2009   0  32  11.340411  14.062042  -0.358285  -0.211176   0.209264  -0.126010  -0.057780   0.134037  -0.001302  -0.048793   0.013919   0.007579  -0.008594   0.003417   0.002645  -0.003377   0.000109   0.001431  -0.000645  -0.000240   0.000402  -0.000135  -0.000124   0.000136  -0.000008  -0.000059   0.000034   0.000007  -0.000020   0.000013
2009  31  60  13.221801  12.790731  -0.469235   0.003224   0.081048  -0.117626   0.088017   0.046996  -0.043953   0.000006   0.007904  -0.003678   0.001959   0.000287  -0.001598   0.000644   0.000300  -0.000306   0.000087   0.000015  -0.000056   0.000042   0.000001  -0.000018   0.000009   0.000001  -0.000003   0.000002   0.000000  -0.000001
2009  59  91  15.154728  14.079022  -0.320114   0.195594   0.123683   0.002663   0.108552  -0.042334  -0.048847   0.021047   0.003154  -0.004686   0.000664  -0.000845   0.000953   0.000612  -0.000728   0.000028   0.000199  -0.000063  -0.000003  -0.000012  -0.000006   0.000020  -0.000006  -0.000006   0.000004   0.000000  -0.000001   0.000000
2009  90 121  18.129239  13.591986   0.044857   0.353004   0.051953   0.070054  -0.076265  -0.085553   0.020229   0.013063  -0.002270   0.000791   0.002534   0.000678  -0.001443  -0.000466   0.000309   0.000012  -0.000077   0.000037   0.000056  -0.000006  -0.000022   0.000001   0.000004  -0.000003  -0.000001   0.000002   0.000001  -0.000001
2009 120 152  21.064970  14.013019   0.342138   0.202679  -0.071345  -0.132185  -0.150061   0.048926   0.069501   0.002819  -0.008028  -0.004083  -0.004923  -0.001699   0.002674   0.001867  -0.000219  -0.000481  -0.000230  -0.000135   0.000037   0.000134   0.000051  -0.000028  -0.000027  -0.000010  -0.000001   0.000005   0.000006   0.000002
2009 151 182  23.842927  13.593383   0.370360   0.018219  -0.186791  -0.196570   0.050316   0.126365   0.003995  -0.031804  -0.013041  -0.001118   0.006437   0.005199  -0.001128  -0.002615  -0.000622   0.000557   0.000586   0.000151  -0.000216  -0.000189   0.000007   0.000081   0.000040  -0.000011  -0.000026  -0.000010   0.000009   0.000011
2009 181 213   2.605040  14.093246   0.297980  -0.084479  -0.237668   0.007710   0.189436   0.011733  -0.078583  -0.016760   0.018341   0.013475  -0.002040  -0.007710  -0.001074   0.003249   0.001292  -0.000962  -0.000891   0.000123   0.000470   0.000090  -0.000194  -0.000100   0.000058   0.000065  -0.000008  -0.000033  -0.000003   0.000017
2009 212 244   5.834022  14.151374   0.258676  -0.198779  -0.134098   0.176497   0.014250  -0.112714  -0.005545   0.041922   0.007013  -0.014310  -0.003690   0.005985   0.001499  -0.002698  -0.000728   0.001177   0.000390  -0.000507  -0.000196   0.000222   0.000095  -0.000099  -0.000046   0.000045   0.000022  -0.000021  -0.000009   0.000013
2009 243 274   8.569786  13.706169   0.113743  -0.317455   0.029055   0.062859  -0.113224  -0.002836   0.059607  -0.000061  -0.019992   0.001595   0.005534  -0.002155  -0.001329   0.001500   0.000263  -0.000746   0.000001   0.000300  -0.000056  -0.000103   0.000050   0.000031  -0.000030  -0.000006   0.000015  -0.000001  -0.000006   0.000003
2009 273 305  11.216523  14.041940  -0.205477  -0.290787   0.102633  -0.054510  -0.005776   0.097333  -0.009378  -0.039052   0.007888   0.008862  -0.003339   0.000234   0.000665  -0.001374   0.000192   0.000734  -0.000250  -0.000210   0.000125   0.000007  -0.000034   0.000029  -0.000002  -0.000018   0.000008   0.000005  -0.000004   0.000001
2009 304 335  13.901807  13.568857  -0.446254  -0.008058   0.090031  -0.009498   0.132913  -0.002835  -0.059543   0.012999   0.011251  -0.003904  -0.000566  -0.001427   0.000166   0.001331  -0.000429  -0.000420   0.000202   0.000055  -0.000009  -0.000008  -0.000030   0.000014   0.000014  -0.000009  -0.000003   0.000002   0.000000   0.000001
2009 334 366  16.746989  14.007652  -0.302136   0.341005   0.130297   0.107095   0.035782  -0.114188  -0.004782   0.023901  -0.008169  -0.003021   0.001175   0.002478   0.000528  -0.001380   0.000157   0.000412  -0.000163  -0.000112   0.000017   0.000054   0.000000  -0.000028   0.000007   0.000010  -0.000003  -0.000003   0.000000   0.000002
2010   0  32  20.149826  13.936528   0.067704   0.412743   0.064387  -0.032927  -0.159396  -0.024666   0.049649   0.004251   0.000031   0.004164  -0.000838  -0.003426  -0.000703   0.000927   0.000137  -0.000016   0.000163   0.000000  -0.000103  -0.000025   0.000023   0.000003  -0.000001   0.000006   0.000001  -0.000003  -0.000001   0.000001
2010  31  60  22.088272  12.492221   0.171904   0.320402   0.041293  -0.142527  -0.079305   0.038991   0.018303   0.000178   0.002673  -0.001825  -0.002783   0.000020   0.000630   0.000127   0.000087   0.000016  -0.000083  -0.000033   0.000014   0.000008   0.000004   0.000002  -0.000002  -0.000002   0.000000   0.000000   0.000000   0.000000
2010  59  91   0.007527  13.919441   0.166751   0.247115  -0.112213  -0.155310   0.054467   0.083128  -0.010863  -0.017392  -0.004830  -0.001476   0.003778   0.002309  -0.001097  -0.000917  -0.000033   0.000174   0.000188   0.000029  -0.000089  -0.000039   0.000016   0.000017   0.000006  -0.000004  -0.000005  -0.000001   0.000002   0.000001
2010  90 121   2.821934  13.554546   0.236144   0.137711  -0.193723   0.037133   0.130520  -0.026968  -0.045350  -0.003004   0.009452   0.006077  -0.002456  -0.003030   0.000630   0.001165   0.000091  -0.000409  -0.000179   0.000129   0.000103  -0.000028  -0.000046  -0.000002   0.000019   0.000006  -0.000006  -0.000004   0.000002   0.000003
2010 120 152   5.667525  14.092496   0.303640  -0.038406  -0.138316   0.150996  -0.021271  -0.108556   0.005550   0.036638   0.005345  -0.010835  -0.001960   0.004397   0.000207  -0.002061  -0.000157   0.000897   0.000142  -0.000363  -0.000064   0.000151   0.000024  -0.000068  -0.000012   0.000031   0.000006  -0.000014  -0.000002   0.000008
2010 151 182   8.422846  13.694231   0.209878  -0.293635   0.004233   0.059440  -0.133561  -0.007393   0.067507   0.004793  -0.021346   0.000040   0.005670  -0.002258  -0.001507   0.001777   0.000453  -0.000879  -0.000095   0.000348  -0.000033  -0.000124   0.000052   0.000042  -0.000035  -0.000012   0.000018   0.000001  -0.000007   0.000002
2010 181 213  11.062529  14.091948  -0.133948  -0.413199   0.088557  -0.024670  -0.045340   0.093868   0.012978  -0.043677   0.000333   0.013030  -0.002687  -0.001686   0.001787  -0.000926  -0.000700   0.000843   0.000130  -0.000387   0.000049   0.000109  -0.000060  -0.000004   0.000032  -0.000016  -0.000011   0.000012   0.000002  -0.000006
2010 212 244  14.133824  14.090938  -0.476206  -0.201066   0.185799   0.012965   0.074174   0.006739  -0.054604   0.010069   0.016853  -0.007353  -0.002637   0.001595  -0.000052   0.000413  -0.000084  -0.000429   0.000201   0.000144  -0.000113  -0.000016   0.000028  -0.000003   0.000002  -0.000002  -0.000004   0.000004   0.000001  -0.000002
2010 243 274  16.947381  13.641021  -0.481109   0.095191   0.202539   0.071321  -0.016297  -0.065542   0.011042   0.017401  -0.010022  -0.002341   0.003562   0.000502  -0.000912  -0.000258   0.000383   0.000069  -0.000186   0.000006   0.000068  -0.000012  -0.000021   0.000006   0.000008  -0.000003  -0.000003   0.000002   0.000001  -0.000001
2010 273 305  19.832102  14.053269  -0.235567   0.223515   0.167349  -0.049493  -0.142129   0.001562   0.063057  -0.011694  -0.018647   0.020222   0.003290  -0.020543   0.008213   0.013211  -0.016524  -0.000930   0.016933  -0.011147  -0.008865   0.017400  -0.003636  -0.014751   0.014212   0.004553  -0.017470   0.007971   0.011753  -0.016395
2010 304 335  22.704077  13.541652  -0.071135   0.227117   0.022176  -0.204919  -0.012856   0.095276   0.002443  -0.013687   0.001556  -0.005078  -0.001070   0.003548   0.000255  -0.000863   0.000057  -0.000089  -0.000071   0.000153   0.000024  -0.000054   0.000000   0.000003  -0.000004   0.000006   0.000002  -0.000003   0.000000   0.000000
2010 334 366   1.540766  14.034769   0.076798   0.206304  -0.137149  -0.106071   0.154045   0.043122  -0.052474  -0.012640   0.001782   0.005281   0.004716  -0.002830  -0.002295   0.000774   0.000677   0.000142  -0.000168  -0.000225   0.000038   0.000105   0.000005  -0.000028  -0.000016   0.000003   0.000011   0.000002  -0.000004  -0.000003
2011   0  32   4.880804  14.124472   0.317368   0.087565  -0.213480   0.095046   0.072560  -0.084823  -0.029105   0.019856   0.014187  -0.001753  -0.006222   0.000487   0.002396  -0.000131  -0.000947  -0.000131   0.000387   0.000125  -0.000146  -0.000067   0.000051   0.000034  -0.000017  -0.000017   0.000005   0.000009  -0.000001  -0.000005
2011  31  60   6.823924  12.829894   0.480098  -0.114828  -0.129451   0.094236  -0.030135  -0.051369   0.009481   0.019054   0.000905  -0.005561  -0.000472   0.001542  -0.000067  -0.000564   0.000062   0.000238  -0.000012  -0.000089   0.000001   0.000031  -0.000001  -0.000011   0.000001   0.000004   0.000000  -0.000002   0.000000   0.000001
2011  59  91   8.733045  14.119581   0.391837  -0.301559  -0.171198   0.035665  -0.045631   0.015151   0.043406   0.000063  -0.017310  -0.003533   0.004525   0.001439  -0.000599  -0.000065  -0.000019  -0.000235  -0.000014   0.000152   0.000038  -0.000054  -0.000021   0.000011   0.000005  -0.000001   0.000001   0.000000  -0.000001  -0.000001
2011  90 121  11.378055  13.738715   0.102463  -0.419034  -0.076820   0.000197   0.046613   0.064855  -0.015945  -0.030997   0.002199   0.009844   0.001219  -0.001905  -0.001181  -0.000160   0.000569   0.000359  -0.000173  -0.000200   0.000017   0.000073   0.000018  -0.000016  -0.000015  -0.000001   0.000007   0.000003  -0.000002  -0.000003
2011 120 152  14.031702  14.123082  -0.194133  -0.320772   0.041586   0.097654   0.108491  -0.025699  -0.062114   0.011443   0.021561  -0.003392  -0.006946  -0.000486   0.002422   0.001047  -0.000949  -0.000661   0.000359   0.000319  -0.000105  -0.000143   0.000014   0.000064   0.000008  -0.000028  -0.000008   0.000011   0.000004  -0.000005
2011 151 182  16.795861  13.667109  -0.296401  -0.074605   0.133180   0.156438  -0.002988  -0.094208   0.005274   0.028978  -0.006734  -0.008647   0.002627   0.003527  -0.000887  -0.001503   0.000454   0.000591  -0.000233  -0.000229   0.000103   0.000092  -0.000045  -0.000038   0.000021   0.000016  -0.000009  -0.000007   0.000004   0.000003
2011 181 213  19.639952  14.042219  -0.201159   0.126582   0.184400   0.025997  -0.135477  -0.026475   0.050794  -0.001502  -0.010662   0.006080   0.002510  -0.003403  -0.000715   0.001356  -0.000045  -0.000469   0.000188   0.000149  -0.000121  -0.000037   0.000055   0.000000  -0.000022   0.000007   0.000008  -0.000005  -0.000002   0.000004
2011 212 244  22.928850  13.956877  -0.081411   0.249686   0.083636  -0.151478  -0.035139   0.075968   0.004975  -0.014362   0.003338  -0.002159  -0.002245   0.002202   0.000561  -0.000713   0.000066   0.000066  -0.000115   0.000055   0.000045  -0.000033  -0.000004   0.000009  -0.000005   0.000000   0.000003  -0.000001  -0.000001   0.000001
2011 243 274   1.788762  13.487332   0.076287   0.353439  -0.071610  -0.075488   0.088276   0.009947  -0.025429  -0.002378  -0.001157   0.001503   0.001825  -0.000890  -0.000364   0.000199   0.000038   0.000047  -0.000017  -0.000038   0.000010   0.000008  -0.000001   0.000000  -0.000001   0.000000   0.000001   0.000000   0.000000   0.000000
2011 273 305   4.719920  14.013941   0.359306   0.337838  -0.151142   0.033581   0.009277  -0.070964  -0.009022   0.012963   0.007492   0.000898  -0.001866   0.000230   0.000255  -0.000373  -0.000202   0.000041   0.000110   0.000024  -0.000024  -0.000004   0.000004  -0.000001  -0.000003  -0.000001   0.000001   0.000001   0.000000   0.000000
2011 304 335   7.578280  13.562964   0.535486   0.065269  -0.130391  -0.006894  -0.101033  -0.019971   0.041007   0.017585  -0.004019  -0.004591  -0.000664  -0.000647  -0.000327   0.000586   0.000476  -0.000049  -0.000168  -0.000044   0.000008   0.000003   0.000010   0.000011   0.000000  -0.000005  -0.000002   0.000001   0.000001   0.000000
2011 334 366  10.296116  14.021732   0.362308  -0.212365  -0.141018  -0.071421  -0.033456   0.083980   0.035128  -0.025099  -0.015549   0.002214   0.003328   0.001614   0.000653  -0.000863  -0.000892   0.000112   0.000388   0.000086  -0.000071  -0.000057  -0.000022   0.000011   0.000022   0.000005  -0.000008  -0.000005   0.000001   0.000002
2012   0  32  13.353425  14.068450   0.000175  -0.303436  -0.050562   0.011249   0.096645   0.038400  -0.050018  -0.016851   0.015266   0.006022  -0.002481  -0.002450  -0.000553   0.001029   0.000663  -0.000362  -0.000341   0.000076   0.000134   0.000013  -0.000044  -0.000024   0.000012   0.000015  -0.000002  -0.000007   0.000000   0.000003
2012  31  61  15.623427  13.259142  -0.230129  -0.212803   0.033117   0.094646   0.053858  -0.044634  -0.023269   0.016762   0.005910  -0.004850  -0.001987   0.001195   0.000937  -0.000325  -0.000417   0.000107   0.000163  -0.000032  -0.000060   0.000006   0.000023   0.000000  -0.000009  -0.000001   0.000003   0.000001  -0.000001   0.000000
2012  60  92  17.935338  14.085892  -0.319109  -0.104730   0.177027   0.083778  -0.067331  -0.051275   0.029651   0.014161  -0.012211  -0.001718   0.004740  -0.000134  -0.001786   0.000238   0.000658  -0.000184  -0.000231   0.000111   0.000075  -0.000056  -0.000022   0.000026   0.000005  -0.000011   0.000000   0.000005   0.000000  -0.000002
2012  91 122  20.715229  13.588375  -0.380436   0.023200   0.215018  -0.072038  -0.099292   0.048757   0.027109  -0.019292   0.000170   0.005943  -0.003386  -0.001190   0.001820  -0.000135  -0.000600   0.000283   0.000104  -0.000161   0.000024   0.000057  -0.000031  -0.000010   0.000016  -0.000003  -0.000006   0.000003   0.000001  -0.000002
2012 121 153  23.479644  13.969373  -0.392160   0.162376   0.142661  -0.161387   0.034089   0.085833  -0.030025  -0.013558   0.010049  -0.004310  -0.000254   0.003043  -0.001519  -0.000611   0.000752  -0.000187  -0.000110   0.000164  -0.000069  -0.000037   0.000050  -0.000011  -0.000011   0.000011  -0.000003  -0.000003   0.000003  -0.000001
2012 152 183   2.330547  13.512322  -0.267202   0.330640  -0.006206  -0.051244   0.124146  -0.013461  -0.035671   0.007709  -0.000607   0.001013   0.001202  -0.002008   0.000342   0.000539  -0.000216   0.000035  -0.000029  -0.000026   0.000047  -0.000011  -0.000011   0.000006  -0.000002   0.000001   0.000001  -0.000001   0.000000   0.000000
2012 182 214   5.283301  14.042977   0.068396   0.370096  -0.073956   0.042029   0.020510  -0.078233  -0.004248   0.013542   0.002650   0.000318  -0.001318   0.000852   0.000348  -0.000555  -0.000103   0.000073   0.000056  -0.000004  -0.000022   0.000011   0.000006  -0.000004  -0.000002   0.000000   0.000001   0.000000   0.000000   0.000000
2012 213 245   8.649402  14.036194   0.324307   0.075210  -0.141581  -0.020154  -0.065635   0.004678   0.037839   0.005434  -0.007263  -0.003424   0.000185   0.000192   0.000243   0.000414   0.000037  -0.000179  -0.000077   0.000026   0.000025   0.000005   0.000001  -0.000002  -0.000003  -0.000001   0.000001   0.000001   0.000000   0.000000
2012 244 275  11.405458  13.659600   0.258853  -0.187439  -0.144092  -0.031722   0.034502   0.052841  -0.003136  -0.019715  -0.003434   0.004243   0.002343  -0.000074  -0.000834  -0.000448   0.000147   0.000244   0.000033  -0.000074  -0.000040   0.000008   0.000018   0.000005  -0.000004  -0.000004   0.000000   0.000001   0.000001   0.000000
2012 274 306  14.108466  14.132304   0.055812  -0.310553  -0.082696   0.102497   0.096121  -0.025539  -0.048755   0.004381   0.017109   0.001003  -0.005687  -0.001668   0.001873   0.001128  -0.000557  -0.000580   0.000121   0.000260   0.000002  -0.000107  -0.000023   0.000040   0.000018  -0.000013  -0.000010   0.000003   0.000004   0.000000
2012 305 336  16.834619  13.754611  -0.089645  -0.302419   0.047281   0.184659  -0.010841  -0.091656   0.003768   0.032241  -0.002268  -0.011314   0.001123   0.004613  -0.000497  -0.001949   0.000232   0.000813  -0.000112  -0.000343   0.000053   0.000147  -0.000025  -0.000064   0.000012   0.000028  -0.000005  -0.000013   0.000002   0.000008
2012 335 367  19.576114  14.146241  -0.184755  -0.257687   0.170321   0.101313  -0.136832  -0.033782   0.062458   0.004395  -0.021199   0.003349   0.007237  -0.003366  -0.002453   0.002007   0.000664  -0.000987  -0.000067   0.000439  -0.000073  -0.000178   0.000073   0.000063  -0.000047  -0.000017   0.000025   0.000001  -0.000010   0.000004
2013   0  32  22.734294  14.078052  -0.317092  -0.122264   0.208630  -0.073704  -0.076837   0.078051   0.014934  -0.029183   0.004367   0.006242  -0.004811   0.000234   0.002126  -0.001041  -0.000484   0.000594  -0.000064  -0.000198   0.000121   0.000024  -0.000064   0.000019   0.000019  -0.000016  -0.000001   0.000007  -0.000002  -0.000001
2013  31  60   0.649132  12.747145  -0.355745   0.059789   0.108698  -0.093000   0.026067   0.037849  -0.018800  -0.003342   0.004585  -0.001953   0.000129   0.000765  -0.000521  -0.000025   0.000173  -0.000076  -0.000006   0.000028  -0.000016   0.000000   0.000006  -0.000003   0.000000   0.000001  -0.000001   0.000000   0.000000   0.000000
2013  59  91   2.595274  14.045006  -0.207568   0.227873   0.101332  -0.037347   0.054520  -0.010260  -0.028411   0.007112   0.002475  -0.001960   0.000805  -0.000210  -0.000057   0.000291  -0.000121  -0.000049   0.000048  -0.000013  -0.000002   0.000005  -0.000004   0.000001   0.000001  -0.000001   0.000000   0.000000   0.000000   0.000000
2013  90 121   5.533959  13.556596   0.101856   0.348919   0.007489   0.017380  -0.034391  -0.051577   0.006962   0.008378   0.000346   0.000641   0.000458   0.000186  -0.000360  -0.000230   0.000051   0.000031   0.000000   0.000006   0.000007   0.000001  -0.000003  -0.000001   0.000000   0.000000   0.000000   0.000000   0.000000   0.000000
2013 120 152   8.461552  14.013584   0.380377   0.233592  -0.107942  -0.090305  -0.097694   0.016764   0.044434   0.006993  -0.004188  -0.003338  -0.002272  -0.000814   0.000814   0.000869   0.000107  -0.000183  -0.000126  -0.000047   0.000007   0.000033   0.000020  -0.000001  -0.000008  -0.000004  -0.000001   0.000001   0.000001   0.000001
2013 151 182  11.264914  13.593812   0.446031   0.025417  -0.181885  -0.137759   0.007839   0.081497   0.016646  -0.017303  -0.010162  -0.001609   0.002551   0.002705   0.000297  -0.000997  -0.000542   0.000079   0.000225   0.000108  -0.000027  -0.000063  -0.000023   0.000013   0.000016   0.000003  -0.000004  -0.000004   0.000000   0.000001
2013 181 213  14.019356  14.076597   0.334001  -0.137564  -0.216044  -0.016760   0.119233   0.035797  -0.043444  -0.019329   0.007785   0.008608   0.000922  -0.003245  -0.001593   0.000887   0.000910  -0.000066  -0.000375  -0.000108   0.000115   0.000088  -0.000018  -0.000043  -0.000007   0.000016   0.000008  -0.000003  -0.000004  -0.000001
2013 212 244  17.193361  14.124900   0.176241  -0.239399  -0.108653   0.123162   0.045949  -0.061715  -0.018907   0.021201   0.007937  -0.006109  -0.003492   0.001941   0.001520  -0.000666  -0.000647   0.000215   0.000273  -0.000062  -0.000115   0.000015   0.000048  -0.000002  -0.000020  -0.000001   0.000008   0.000001  -0.000003  -0.000001
2013 243 274  19.918040  13.688389  -0.005588  -0.265856   0.040934   0.077121  -0.059009  -0.019071   0.029289   0.004774  -0.009677  -0.000624   0.002969  -0.000310  -0.000931   0.000309   0.000289  -0.000167  -0.000082   0.000074   0.000019  -0.000030  -0.000002   0.000011  -0.000001  -0.000004   0.000001   0.000001  -0.000001   0.000000
2013 273 305  22.603186  14.034405  -0.246337  -0.190210   0.128883  -0.024867  -0.028919   0.053870   0.004182  -0.020965   0.002236   0.004897  -0.001865  -0.000322   0.000742  -0.000386  -0.000166   0.000242  -0.000010  -0.000083   0.000030   0.000014  -0.000016   0.000003   0.000005  -0.000003  -0.000001   0.000002   0.000000   0.000000
2013 304 335   1.320835  13.542933  -0.423590   0.048160   0.114477  -0.045188   0.073390   0.018636  -0.035762   0.002812   0.006782  -0.002532   0.000260  -0.000049  -0.000520   0.000445   0.000060  -0.000182   0.000047   0.000021  -0.000017   0.000010  -0.000003  -0.000004   0.000004   0.000000  -0.000001   0.000001   0.000000   0.000000
2013 334 366   4.146871  13.972338  -0.318606   0.334799   0.110069   0.026293   0.060135  -0.059502  -0.017813   0.015207  -0.003146  -0.001262   0.000451   0.000051   0.000732  -0.000256  -0.000199   0.000152  -0.000014  -0.000024   0.000002  -0.000004   0.000008  -0.000001  -0.000003   0.000002   0.000000   0.000000   0.000000   0.000000
2014   0  32   7.540753  13.946876   0.026933   0.437899   0.024268  -0.004938  -0.073796  -0.044310   0.023043   0.006323  -0.000033   0.001639   0.000230  -0.000590  -0.000676   0.000039   0.000140  -0.000001   0.000022   0.000018  -0.000004  -0.000011  -0.000003   0.000002   0.000000   0.000000   0.000000   0.000000   0.000000   0.000000
2014  31  60   9.508017  12.494214   0.175494   0.305124   0.007821  -0.055946  -0.057051   0.005186   0.012867   0.001366   0.000708  -0.000049  -0.000697  -0.000333   0.000074   0.000088   0.000023   0.000009  -0.000003  -0.000008  -0.000003   0.000001   0.000001   0.000000   0.000000   0.000000   0.000000   0.000000   0.000000   0.000000
2014  59  91  11.448456  13.958614   0.207516   0.215560  -0.118388  -0.095781   0.009297   0.044847   0.005589  -0.009028  -0.003654  -0.000804   0.001019   0.000995   0.000009  -0.000307  -0.000119   0.000026   0.000049   0.000022  -0.000007  -0.000012  -0.000003   0.000002   0.000002   0.000000  -0.000001   0.000000   0.000000   0.000000
2014  90 121  14.248846  13.585644   0.249862   0.032295  -0.174034   0.006224   0.085464   0.001641  -0.027688  -0.005978   0.004904   0.003793  -0.000326  -0.001538  -0.000222   0.000469   0.000192  -0.000101  -0.000100   0.000006   0.000039   0.000009  -0.000012  -0.000006   0.000002   0.000003   0.000000  -0.000001   0.000000   0.000000
2014 120 152  17.042296  14.106952   0.216407  -0.139612  -0.125635   0.125791   0.028805  -0.071264  -0.013041   0.022345   0.007238  -0.006007  -0.003137   0.002079   0.001250  -0.000790  -0.000535   0.000272   0.000235  -0.000087  -0.000100   0.000028   0.000042  -0.000009  -0.000018   0.000002   0.000007   0.000000  -0.000003   0.000000
2014 151 182  19.793174  13.725782   0.100263  -0.304776   0.011714   0.114786  -0.078878  -0.041459   0.037994   0.014002  -0.012578  -0.003591   0.004520   0.000423  -0.001827   0.000163   0.000735  -0.000158  -0.000276   0.000095   0.000096  -0.000051  -0.000031   0.000026   0.000009  -0.000012  -0.000002   0.000006   0.000000  -0.000003
2014 181 213  22.479557  14.123333  -0.154231  -0.371709   0.120895   0.035388  -0.083798   0.037213   0.034286  -0.021198  -0.008487   0.008411   0.000493  -0.002799   0.000944   0.000713  -0.000694  -0.000071   0.000317  -0.000064  -0.000106   0.000058   0.000022  -0.000031   0.000002   0.000012  -0.000005  -0.000003   0.000003   0.000000
2014 212 244   1.584665  14.095331  -0.429718  -0.196035   0.205426  -0.018316   0.004754   0.038253  -0.023341  -0.008833   0.010890  -0.000998  -0.002728   0.001332   0.000034  -0.000414   0.000285  -0.000007  -0.000123   0.000065   0.000017  -0.000031   0.000009   0.000006  -0.000006   0.000001   0.000002  -0.000001   0.000000   0.000000
2014 243 274   4.379220  13.638005  -0.455752   0.077527   0.183375   0.003191   0.009466  -0.021499  -0.008048   0.009636  -0.001618  -0.002223   0.001265   0.000153  -0.000219   0.000029  -0.000009   0.000019   0.000003  -0.000015   0.000006   0.000003  -0.000003   0.000000   0.000001   0.000000   0.000000   0.000000   0.000000   0.000000
2014 273 305   7.270140  14.065828  -0.219642   0.258732   0.133045  -0.045935  -0.066218  -0.012210   0.021565   0.001112  -0.002876   0.002426   0.000015  -0.001069   0.000003   0.000233  -0.000027  -0.000037   0.000037   0.000006  -0.000017   0.000000   0.000005  -0.000001  -0.000001   0.000001   0.000000   0.000000   0.000000   0.000000
2014 304 335  10.175468  13.569390   0.037308   0.247632   0.005645  -0.137992  -0.042469   0.049085   0.015656  -0.005788  -0.000362  -0.001828  -0.001593   0.000860   0.000671  -0.000110  -0.000081  -0.000024  -0.000045   0.000010   0.000026   0.000001  -0.000005  -0.000001  -0.000001   0.000000   0.000001   0.000000   0.000000   0.000000
2014 334 366  13.032794  14.044719   0.202210   0.151817  -0.148512  -0.124449   0.075715   0.063122  -0.018443  -0.016292  -0.002679   0.001683   0.003611   0.000622  -0.001395  -0.000523   0.000221   0.000233   0.000073  -0.000067  -0.000067   0.000005   0.000025   0.000008  -0.000004  -0.000006  -0.000001   0.000002   0.000001   0.000000
2015   0  32  16.316205  14.113571   0.325962  -0.007107  -0.226826   0.032462   0.105544  -0.023513  -0.038207   0.000897   0.010856   0.003843  -0.003091  -0.002280   0.000809   0.000967  -0.000092  -0.000379  -0.000065   0.000137   0.000059  -0.000041  -0.000032   0.000009   0.000015   0.000000  -0.000006  -0.000002   0.000002   0.000002
2015  31  60  18.228844  12.843297   0.417286  -0.134617  -0.175833   0.077130   0.036255  -0.032716  -0.012220   0.008391   0.005517  -0.001669  -0.002063   0.000295   0.000686  -0.000026  -0.000231  -0.000017   0.000078   0.000015  -0.000026  -0.000008   0.000008   0.000004  -0.000002  -0.000002   0.000001   0.000001   0.000000   0.000000
2015  59  91  20.140011  14.123605   0.341327  -0.264165  -0.165295   0.073541  -0.002820  -0.020885   0.013894   0.009911  -0.004548  -0.004445   0.000936   0.001519  -0.000154  -0.000416   0.000048   0.000107  -0.000031  -0.000033   0.000017   0.000012  -0.000007  -0.000005   0.000002   0.000002  -0.000001  -0.000001   0.000000   0.000000
2015  90 121  22.817744  13.722808   0.106559  -0.365270  -0.046019   0.031857  -0.000717   0.028978   0.006813  -0.013874  -0.003866   0.004095   0.001427  -0.000805  -0.000349   0.000032   0.000026   0.000054   0.000028  -0.000028  -0.000019   0.000008   0.000007  -0.000001  -0.000002   0.000000   0.000000   0.000000   0.000000   0.000000
2015 120 152   1.479630  14.092527  -0.187328  -0.298035   0.062928   0.044749   0.053242   0.015040  -0.033596  -0.006159   0.011900   0.001432  -0.003078  -0.000603   0.000456   0.000375   0.000041  -0.000202  -0.000058   0.000084   0.000028  -0.000026  -0.000011   0.000005   0.000005   0.000000  -0.000002  -0.000001   0.000001   0.000001
2015 151 182   4.218865  13.627329  -0.351449  -0.051922   0.120173   0.076412   0.040591  -0.045302  -0.017134   0.016670   0.001492  -0.004674  -0.000253   0.001100   0.000380  -0.000347  -0.000202   0.000153   0.000068  -0.000058  -0.000021   0.000017   0.000008  -0.000005  -0.000004   0.000002   0.000001  -0.000001   0.000000   0.000000
2015 181 213   7.061960  14.023799  -0.260391   0.209476   0.161744   0.041669  -0.051390  -0.050410   0.018785   0.008196  -0.006620   0.000896   0.002210  -0.000273  -0.000718   0.000049   0.000225  -0.000079  -0.000065   0.000047   0.000017  -0.000017  -0.000003   0.000006   0.000000  -0.000002   0.000000   0.000001   0.000000   0.000000
2015 212 244  10.405624  13.951302  -0.035954   0.338988   0.072632  -0.089810  -0.067944   0.022177   0.019404  -0.004095   0.000750   0.000440  -0.001746  -0.000248   0.000497   0.000069  -0.000050   0.000032  -0.000013  -0.000026   0.000006   0.000007  -0.000001   0.000000   0.000001  -0.000001   0.000000   0.000000   0.000000   0.000000
2015 243 274  13.273471  13.458836   0.148117   0.344801  -0.059705  -0.101793   0.023456   0.027058  -0.004626  -0.003277  -0.001539  -0.000883   0.000876   0.000431  -0.000131  -0.000075  -0.000028   0.000000   0.000021   0.000005  -0.000005  -0.000002   0.000000   0.000000   0.000000   0.000000   0.000000   0.000000   0.000000   0.000000
2015 273 305  16.152074  13.982462   0.331800   0.281730  -0.159214  -0.014739   0.043409  -0.023714  -0.015360   0.001825   0.003661   0.002176  -0.000530  -0.000654   0.000080   0.000101  -0.000010  -0.000040  -0.000010   0.000017   0.000008  -0.000003  -0.000003   0.000000   0.000001   0.000000   0.000000   0.000000   0.000000   0.000000
2015 304 335  18.990798  13.571335   0.452120   0.060249  -0.145305   0.038572  -0.034145  -0.037251   0.011414   0.013824   0.001608  -0.002962  -0.000791   0.000392  -0.000091  -0.000151   0.000085   0.000101  -0.000008  -0.000036  -0.000005   0.000007   0.000001  -0.000002   0.000001   0.000001   0.000000   0.000000   0.000000   0.000000
2015 334 366  21.743795  14.045908   0.326950  -0.194087  -0.112305   0.005843  -0.060250   0.020117   0.039054  -0.002042  -0.012280  -0.001375   0.002249   0.000203   0.000011   0.000309  -0.000123  -0.000238   0.000020   0.000092   0.000006  -0.000020  -0.000001   0.000001  -0.000003   0.000001   0.000002   0.000000  -0.000001   0.000000
2016   0  32   0.818858  14.068701  -0.013869  -0.330931   0.000773  -0.001382   0.012981   0.054032  -0.008647  -0.023009   0.003159   0.006232  -0.000657  -0.000887  -0.000074  -0.000205   0.000143   0.000205  -0.000075  -0.000086   0.000024   0.000023  -0.000004  -0.000002  -0.000001  -0.000001   0.000001   0.000001  -0.000001  -0.000001
2016  31  61   3.065129  13.274506  -0.287213  -0.244241   0.071596   0.021771   0.038440   0.005873  -0.023381   0.000673   0.007128  -0.001039  -0.001439   0.000184   0.000170   0.000096  -0.000014  -0.000080   0.000010   0.000032  -0.000006  -0.000008   0.000001   0.000002   0.000000  -0.000000  -0.000000   0.000000   0.000000  -0.000000
2016  60  92   5.347510  14.085234  -0.406154  -0.120246   0.193229   0.052517  -0.012457  -0.029762  -0.001654   0.012491  -0.002210  -0.003769   0.001580   0.000869  -0.000540  -0.000187   0.000145   0.000059  -0.000045  -0.000024   0.000019   0.000008  -0.000008  -0.000002   0.000003   0.000000  -0.000001  -0.000000   0.000000   0.000000
2016  91 122   8.148711  13.607139  -0.419910   0.072784   0.215293  -0.020593  -0.074060   0.004489   0.021925  -0.005758  -0.003816   0.003692   0.000024  -0.001352   0.000330   0.000339  -0.000203  -0.000049   0.000087  -0.000009  -0.000029   0.000011   0.000007  -0.000006  -0.000000   0.000002  -0.000001  -0.000001   0.000000   0.000000
2016 121 153  10.973911  14.003905  -0.319971   0.202152   0.148298  -0.135709  -0.034052   0.063324   0.001936  -0.013551   0.004954  -0.000486  -0.002558   0.001537   0.000501  -0.000649   0.000106   0.000127  -0.000120   0.000019   0.000043  -0.000026  -0.000004   0.000010  -0.000004  -0.000002   0.000003  -0.000001  -0.000001   0.000001
2016 152 183  13.839738  13.533060  -0.170111   0.286888  -0.009182  -0.120676   0.077738   0.034580  -0.025199  -0.001790   0.000203  -0.001196   0.002282  -0.000121  -0.000793   0.000209   0.000046  -0.000019   0.000052  -0.000031  -0.000015   0.000015  -0.000001  -0.000001   0.000001  -0.000001   0.000000   0.000001  -0.000000   0.000000
2016 182 214  16.754819  14.050994   0.087191   0.288931  -0.114310  -0.009250   0.085932  -0.034683  -0.026781   0.005063   0.003545   0.002466  -0.000984  -0.001153   0.000586   0.000262  -0.000115  -0.000083  -0.000024   0.000042   0.000015  -0.000015  -0.000004   0.000003   0.000002  -0.000000  -0.000001  -0.000000   0.000000   0.000000
2016 213 245  20.112210  14.082894   0.326797   0.049354  -0.173335   0.042792  -0.015029  -0.038986   0.013158   0.014190   0.000250  -0.003963  -0.000881   0.000909   0.000068  -0.000232   0.000050   0.000105  -0.000013  -0.000046  -0.000001   0.000014   0.000001  -0.000004  -0.000000   0.000001  -0.000000  -0.000001   0.000000   0.000000
2016 244 275  22.889003  13.694847   0.308401  -0.232674  -0.136016   0.020201  -0.009979   0.018320   0.016529  -0.005703  -0.007106   0.000347   0.002029   0.000279  -0.000323  -0.000106  -0.000021  -0.000001   0.000031   0.000018  -0.000010  -0.000010   0.000001   0.000003   0.000001  -0.000000  -0.000000  -0.000000   0.000000   0.000000
2016 274 306   1.574112  14.139128   0.071774  -0.393126  -0.069827   0.076075   0.055788   0.011150  -0.026205  -0.010938   0.008404   0.005099  -0.001971  -0.002017   0.000164   0.000703   0.000158  -0.000209  -0.000126   0.000046   0.000062  -0.000002  -0.000024  -0.000005   0.000008   0.000004  -0.000002  -0.000002   0.000000   0.000001
2016 305 336   4.261027  13.759796  -0.154999  -0.346610   0.043746   0.143670   0.037600  -0.056013  -0.021958   0.019856   0.007668  -0.006683  -0.002989   0.002182   0.001328  -0.000713  -0.000587   0.000238   0.000252  -0.000078  -0.000106   0.000024   0.000044  -0.000006  -0.000018   0.000001   0.000007   0.000000  -0.000003  -0.000001
2016 335 367   7.007828  14.152973  -0.243444  -0.202938   0.170229   0.134994  -0.073418  -0.070263   0.031215   0.020879  -0.013339  -0.004814   0.005848   0.001238  -0.002512  -0.000276   0.001049  -0.000013  -0.000430   0.000062   0.000173  -0.000047  -0.000068   0.000028   0.000025  -0.000015  -0.000009   0.000008   0.000003  -0.000005
2017   0  32  10.229896  14.080103  -0.257200  -0.024342   0.207967  -0.027397  -0.119655   0.029197   0.040125  -0.015773  -0.005532   0.007110  -0.001374  -0.002668   0.001401   0.000675  -0.000705  -0.000013   0.000269  -0.000100  -0.000076   0.000068   0.000009  -0.000030   0.000007   0.000010  -0.000006  -0.000001   0.000003  -0.000001
2017  31  60  12.159805  12.696487  -0.241352   0.113622   0.139521  -0.098301  -0.036062   0.042178   0.000967  -0.007936   0.003582  -0.000230  -0.001533   0.000732   0.000252  -0.000292   0.000058   0.000056  -0.000052   0.000006   0.000016  -0.000009  -0.000001   0.000003  -0.000001  -0.000001   0.000001   0.000000   0.000000   0.000000
2017  59  91  14.095543  13.996441  -0.127922   0.245090   0.076760  -0.095707   0.028304   0.034118  -0.018616  -0.004453   0.003075  -0.001580   0.000527   0.000646  -0.000493  -0.000013   0.000133  -0.000054   0.000003   0.000016  -0.000015   0.000001   0.000004  -0.000002   0.000000   0.000001   0.000000   0.000000   0.000000   0.000000
2017  90 121  16.999373  13.526108   0.120227   0.358014  -0.043794  -0.007256   0.031221  -0.032997  -0.011549   0.004062   0.001126   0.001082  -0.000109  -0.000129   0.000190  -0.000046  -0.000055  -0.000006   0.000000   0.000007   0.000001  -0.000001   0.000001   0.000000   0.000000   0.000000   0.000000   0.000000   0.000000   0.000000
2017 120 152  19.940168  14.021929   0.409148   0.272159  -0.135427  -0.021147  -0.065330  -0.033909   0.024109   0.014578   0.001716  -0.002007  -0.001259  -0.000569  -0.000395   0.000141   0.000278   0.000097  -0.000029  -0.000040  -0.000016  -0.000004   0.000002   0.000005   0.000003   0.000000  -0.000001  -0.000001   0.000000   0.000000
2017 151 182  22.767706  13.589588   0.506162   0.012096  -0.157040  -0.088497  -0.056485   0.043800   0.037302  -0.001929  -0.009388  -0.003672  -0.000236   0.000988   0.001123   0.000257  -0.000353  -0.000262  -0.000016   0.000068   0.000048   0.000011  -0.000013  -0.000014  -0.000003   0.000004   0.000003   0.000001  -0.000001  -0.000001
2017 181 213   1.492202  14.052190   0.324927  -0.204158  -0.178868  -0.052667   0.060611   0.073182  -0.012725  -0.028434  -0.002777   0.006723   0.003577  -0.000236  -0.001703  -0.000774   0.000457   0.000489   0.000000  -0.000178  -0.000076   0.000032   0.000047   0.000008  -0.000016  -0.000011   0.000002   0.000005   0.000001  -0.000002
2017 212 244   4.606570  14.099916   0.055954  -0.261313  -0.072246   0.083654   0.088043  -0.025894  -0.042320   0.007167   0.013865  -0.000590  -0.004443  -0.000839   0.001528   0.000688  -0.000513  -0.000361   0.000147   0.000163  -0.000028  -0.000069  -0.000002   0.000028   0.000006  -0.000010  -0.000004   0.000003   0.000002  -0.000001
2017 243 274   7.332557  13.671983  -0.130060  -0.198374   0.066734   0.107105  -0.023818  -0.050471   0.011368   0.016032  -0.004846  -0.004398   0.001903   0.001381  -0.000752  -0.000472   0.000303   0.000155  -0.000122  -0.000049   0.000048   0.000015  -0.000019  -0.000004   0.000008   0.000001  -0.000003   0.000000   0.000001   0.000000
2017 273 305  10.064722  14.032109  -0.277548  -0.092675   0.164748  -0.007091  -0.078782   0.023878   0.029103  -0.012360  -0.005477   0.004985  -0.000219  -0.001690   0.000715   0.000436  -0.000398  -0.000046   0.000155  -0.000033  -0.000045   0.000028   0.000008  -0.000013   0.000001   0.000005  -0.000002  -0.000001   0.000001   0.000000
2017 304 335  12.810191  13.523720  -0.403951   0.088679   0.137197  -0.109158   0.021670   0.057749  -0.020431  -0.009533   0.007078  -0.001876  -0.000658   0.001499  -0.000633  -0.000331   0.000357  -0.000056  -0.000073   0.000062  -0.000015  -0.000017   0.000016  -0.000002  -0.000005   0.000003   0.000000  -0.000001   0.000001   0.000000
2017 334 366  15.610629  13.945965  -0.343769   0.320330   0.082060  -0.051068   0.108223  -0.010479  -0.039542   0.010381   0.000957  -0.001695   0.001555  -0.001441   0.000106   0.000678  -0.000301  -0.000023   0.000063  -0.000046   0.000029   0.000001  -0.000016   0.000009   0.000000  -0.000002   0.000001  -0.000001   0.000000   0.000000
2018   0  32  18.996802  13.968334  -0.003218   0.457121  -0.014559   0.040198  -0.000978  -0.077670   0.001886   0.010548   0.000308   0.000994  -0.000188   0.000918  -0.000057  -0.000527   0.000017   0.000041   0.000008  -0.000003  -0.000001   0.000013  -0.000001  -0.000004   0.000000   0.000000   0.000000   0.000000   0.000000   0.000000
2018  31  60  20.988177  12.510403   0.204057   0.279469  -0.006245   0.025068  -0.057361  -0.028073   0.011274   0.004723   0.000366   0.000140   0.000394  -0.000173  -0.000315  -0.000015   0.000053   0.000011  -0.000001   0.000005   0.000002  -0.000003  -0.000001   0.000000   0.000000   0.000000   0.000000   0.000000   0.000000   0.000000
2018  59  91  22.942746  13.994782   0.261358   0.160608  -0.122482  -0.063036  -0.047916   0.025611   0.029433  -0.001512  -0.005697  -0.002200  -0.000256   0.000420   0.000578   0.000201  -0.000154  -0.000128  -0.000013   0.000025   0.000019   0.000006  -0.000003  -0.000005  -0.000002   0.000001   0.000001   0.000000   0.000000   0.000000
2018  90 121   1.718311  13.619293   0.250349  -0.075936  -0.164337  -0.040222   0.063571   0.044739  -0.015313  -0.016846  -0.000564   0.004136   0.002115  -0.000476  -0.001058  -0.000221   0.000315   0.000189  -0.000038  -0.000081  -0.000020   0.000022   0.000017  -0.000002  -0.000007  -0.000002   0.000002   0.000002   0.000000  -0.000001
2018 120 152   4.466986  14.122397   0.126930  -0.217236  -0.119326   0.110751   0.094700  -0.045603  -0.044751   0.010988   0.015725  -0.000758  -0.005796  -0.000888   0.002261   0.000750  -0.000813  -0.000437   0.000253   0.000223  -0.000064  -0.000105   0.000008   0.000046   0.000004  -0.000019  -0.000005   0.000007   0.000003  -0.000003
2018 151 182   7.223236  13.746148   0.017340  -0.289334   0.015432   0.177012  -0.033956  -0.087370   0.015089   0.030368  -0.005336  -0.010302   0.002528   0.004033  -0.001282  -0.001651   0.000598   0.000665  -0.000274  -0.000268   0.000128   0.000109  -0.000060  -0.000045   0.000028   0.000018  -0.000012  -0.000008   0.000005   0.000004
2018 181 213   9.953418  14.140281  -0.137856  -0.318558   0.139965   0.081211  -0.132168  -0.008286   0.062066  -0.004409  -0.020177   0.005569   0.005658  -0.003969  -0.001260   0.002125   0.000049  -0.000928   0.000193   0.000344  -0.000170  -0.000104   0.000102   0.000019  -0.000051   0.000005   0.000022  -0.000009  -0.000008   0.000008
2018 212 244  13.074584  14.083859  -0.365638  -0.194410   0.204985  -0.061128  -0.042526   0.078526  -0.002552  -0.028271   0.008820   0.004866  -0.004735   0.001043   0.001325  -0.001246   0.000000   0.000530  -0.000223  -0.000104   0.000132  -0.000026  -0.000041   0.000032   0.000001  -0.000014   0.000006   0.000003  -0.000004   0.000002
2018 243 274  15.845221  13.628373  -0.422817   0.072034   0.146341  -0.044126   0.056714   0.008047  -0.031635   0.006444   0.004982  -0.003471   0.000676   0.000169  -0.000439   0.000371  -0.000024  -0.000135   0.000075   0.000002  -0.000021   0.000012  -0.000003  -0.000003   0.000003  -0.000001  -0.000001   0.000001   0.000000   0.000000
2018 273 305  18.751762  14.087510  -0.162293   0.300605   0.093675   0.000528  -0.014349  -0.053581   0.003415   0.012035  -0.002940   0.000332   0.001149   0.000014  -0.000207  -0.000240   0.000055   0.000052  -0.000035   0.000005   0.000013  -0.000001  -0.000002  -0.000001   0.000001   0.000000   0.000000   0.000000   0.000000   0.000000
2018 304 335  21.702464  13.583483   0.175732   0.263598  -0.003422  -0.079386  -0.096330   0.007231   0.033179   0.003499  -0.000948  -0.000063  -0.001770  -0.001206   0.000324   0.000499   0.000072  -0.000022  -0.000016  -0.000040  -0.000020   0.000010   0.000010   0.000001  -0.000001  -0.000001  -0.000001   0.000000   0.000000   0.000000
2018 334 366   0.553801  14.031233   0.319446   0.087638  -0.156519  -0.159988   0.006107   0.096247   0.016513  -0.020963  -0.010055  -0.002241   0.002484   0.003511   0.000431  -0.001307  -0.000642   0.000103   0.000260   0.000148  -0.000025  -0.000087  -0.000032   0.000019   0.000021   0.000005  -0.000005  -0.000005   0.000000   0.000002
2019   0  32   3.765985  14.095494   0.320709  -0.076141  -0.237210  -0.018322   0.149778   0.028211  -0.055473  -0.018827   0.010138   0.010429   0.000702  -0.004668  -0.001737   0.001513   0.001121  -0.000235  -0.000539  -0.000101   0.000204   0.000115  -0.000052  -0.000066   0.000000   0.000028   0.000010  -0.000008  -0.000006   0.000001
2019  31  60   5.651248  12.838319   0.355987  -0.138208  -0.213567   0.081327   0.097591  -0.029195  -0.035426   0.002054   0.011649   0.002437  -0.003864  -0.001682   0.001153   0.000848  -0.000258  -0.000381   0.000017   0.000154   0.000026  -0.000055  -0.000022   0.000017   0.000013  -0.000004  -0.000006   0.000000   0.000002   0.000001
2019  59  91   7.572834  14.128959   0.302605  -0.215141  -0.152338   0.120751   0.017162  -0.067395  -0.003363   0.025558   0.004424  -0.008268  -0.002486   0.002853   0.000974  -0.001082  -0.000392   0.000426   0.000178  -0.000166  -0.000082   0.000063   0.000036  -0.000024  -0.000016   0.000009   0.000007  -0.000004  -0.000002   0.000002
2019  90 121  10.285663  13.707936   0.118193  -0.322022  -0.004847   0.048975  -0.066601   0.006391   0.037786  -0.003062  -0.012963   0.001132   0.003397  -0.000835  -0.000647   0.000558   0.000058  -0.000283   0.000024   0.000113  -0.000023  -0.000036   0.000014   0.000009  -0.000008  -0.000001   0.000003   0.000000  -0.000001   0.000001
2019 120 152  12.943444  14.059681  -0.194797  -0.291341   0.086994  -0.023697   0.007896   0.069668  -0.013186  -0.027984   0.007203   0.006646  -0.002350  -0.000364   0.000261  -0.000579   0.000216   0.000337  -0.000174  -0.000103   0.000071   0.000011  -0.000016   0.000007  -0.000002  -0.000005   0.000004   0.000001  -0.000002   0.000000
2019 151 182  15.647569  13.591879  -0.424660  -0.033905   0.103374   0.004038   0.098666  -0.006107  -0.045670   0.010830   0.009041  -0.003683  -0.000819  -0.000444   0.000214   0.000697  -0.000289  -0.000241   0.000144   0.000039  -0.000025  -0.000006  -0.000007   0.000007   0.000005  -0.000005  -0.000001   0.000002   0.000000   0.000000
2019 181 213  18.487598  14.015475  -0.320125   0.286098   0.143801   0.072552   0.021111  -0.085756  -0.003060   0.019413  -0.006697  -0.002204   0.001610   0.001261   0.000127  -0.000758   0.000107   0.000241  -0.000118  -0.000055   0.000028   0.000020  -0.000004  -0.000011   0.000004   0.000004  -0.000002  -0.000001   0.000001   0.000001
2019 212 244  21.879230  13.951603   0.004665   0.398512   0.068687  -0.043940  -0.118826  -0.016022   0.037387   0.001851  -0.000191   0.002910  -0.001025  -0.001997  -0.000226   0.000526   0.000048  -0.000005   0.000082  -0.000015  -0.000048  -0.000004   0.000010   0.000000   0.000000   0.000002   0.000000  -0.000001   0.000000   0.000000
2019 243 274   0.744573  13.446144   0.187830   0.309417  -0.052475  -0.150110  -0.021946   0.058500   0.012396  -0.005764  -0.002555  -0.003493  -0.000539   0.001563   0.000579  -0.000185  -0.000158  -0.000097  -0.000013   0.000053   0.000026  -0.000007  -0.000009  -0.000004   0.000000   0.000002   0.000001   0.000000   0.000000   0.000000
2019 273 305   3.575934  13.970772   0.271812   0.217121  -0.172405  -0.049665   0.102446   0.015568  -0.033596  -0.010227   0.002189   0.005060   0.001774  -0.001776  -0.000921   0.000369   0.000373   0.000038  -0.000134  -0.000071   0.000033   0.000036  -0.000001  -0.000013  -0.000005   0.000003   0.000003   0.000000  -0.000001  -0.000001
2019 304 335   6.406657  13.590961   0.358534   0.047298  -0.157199   0.105835   0.028230  -0.070850  -0.016876   0.016820   0.009452  -0.002882  -0.003351   0.001069   0.001171  -0.000403  -0.000515   0.000079   0.000216  -0.000001  -0.000080  -0.000006   0.000030   0.000005  -0.000011  -0.000003   0.000004   0.000002  -0.000001  -0.000001
2019 334 366   9.189017  14.072149   0.291419  -0.192066  -0.078847   0.081910  -0.103077  -0.040027   0.053713   0.020526  -0.014613  -0.006635   0.004201   0.000640  -0.001903   0.000383   0.000986  -0.000221  -0.000424   0.000093   0.000143  -0.000053  -0.000042   0.000033   0.000013  -0.000018  -0.000004   0.000008   0.000001  -0.000005
2020   0  32  12.262749  14.068132  -0.038939  -0.376444   0.050200  -0.022999  -0.058937   0.082646   0.027117  -0.036809  -0.006847   0.010819  -0.000285  -0.001726   0.001448  -0.000395  -0.000907   0.000476   0.000341  -0.000243  -0.000064   0.000086  -0.000019  -0.000020   0.000024  -0.000001  -0.000013   0.000004   0.000005  -0.000004
2020  31  61  14.478801  13.294646  -0.358493  -0.281752   0.098083  -0.041752   0.044671   0.051979  -0.034957  -0.013332   0.012980   0.000757  -0.002314   0.000613  -0.000458  -0.000112   0.000500  -0.000109  -0.000182   0.000081   0.000026  -0.000023   0.000008  -0.000002  -0.000005   0.000005   0.000001  -0.000002   0.000000   0.000000
2020  60  92  16.742150  14.093377  -0.491267  -0.124295   0.207099   0.043972   0.048728  -0.028886  -0.034345   0.020365   0.006355  -0.008543   0.000009   0.001848  -0.000024  -0.000152  -0.000259   0.000048   0.000187  -0.000068  -0.000065   0.000037   0.000013  -0.000010  -0.000003   0.000001   0.000002   0.000000  -0.000001   0.000000
2020  91 122  19.582266  13.628298  -0.429900   0.133735   0.220113   0.045918  -0.069762  -0.046920   0.027395   0.006149  -0.010571   0.002370   0.003426  -0.001183  -0.000969   0.000471   0.000259  -0.000248  -0.000053   0.000113  -0.000002  -0.000041   0.000009   0.000013  -0.000006  -0.000004   0.000003   0.000001  -0.000001   0.000000
2020 121 153  22.464272  14.025239  -0.221181   0.229839   0.149414  -0.125039  -0.116798   0.053475   0.037045  -0.015554   0.001355   0.003860  -0.004989  -0.000970   0.002163  -0.000042  -0.000504   0.000282   0.000015  -0.000181   0.000050   0.000060  -0.000033  -0.000005   0.000015  -0.000006  -0.000005   0.000004   0.000001  -0.000002
2020 152 183   1.318502  13.541016  -0.075624   0.234520  -0.021508  -0.198028   0.049031   0.089565  -0.016483  -0.012102  -0.000279  -0.004560   0.002702   0.002879  -0.001237  -0.000620   0.000138  -0.000077   0.000134   0.000097  -0.000083  -0.000028   0.000017   0.000000   0.000005   0.000003  -0.000005  -0.000001   0.000002   0.000000
2020 182 214   4.188474  14.057718   0.106801   0.227402  -0.153716  -0.039792   0.158846  -0.005018  -0.055200  -0.004051   0.005682   0.006842   0.000684  -0.004094  -0.000305   0.001345   0.000318  -0.000213  -0.000288  -0.000011   0.000149   0.000025  -0.000047  -0.000020   0.000008   0.000013   0.000001  -0.000006  -0.000001   0.000002
2020 213 245   7.548010  14.125290   0.353389   0.038763  -0.197807   0.107224   0.008693  -0.089464  -0.002553   0.028164   0.008557  -0.007003  -0.003884   0.002525   0.001060  -0.001104  -0.000467   0.000439   0.000267  -0.000154  -0.000120   0.000052   0.000048  -0.000019  -0.000021   0.000008   0.000009  -0.000003  -0.000003   0.000001
2020 244 275  10.342990  13.719108   0.369769  -0.275281  -0.122052   0.044395  -0.068231   0.000018   0.045505   0.005615  -0.015500  -0.003731   0.003822   0.000685  -0.000759   0.000307   0.000233  -0.000296  -0.000125   0.000133   0.000055  -0.000043  -0.000014   0.000013   0.000000  -0.000005   0.000002   0.000002  -0.000001  -0.000001
2020 274 306  13.001057  14.131645   0.074978  -0.462015  -0.057682   0.029156   0.031960   0.063778  -0.011436  -0.034554   0.001770   0.012287   0.000815  -0.002948  -0.000892   0.000123   0.000472   0.000342  -0.000165  -0.000235   0.000029   0.000099   0.000010  -0.000028  -0.000012   0.000003   0.000007   0.000003  -0.000003  -0.000003
2020 305 336  15.647404  13.746362  -0.230693  -0.355961   0.033183   0.103543   0.102266  -0.027980  -0.056847   0.011854   0.020241  -0.003406  -0.006794  -0.000271   0.002445   0.000839  -0.000960  -0.000554   0.000362   0.000279  -0.000112  -0.000130   0.000022   0.000059   0.000002  -0.000026  -0.000005   0.000011   0.000003  -0.000005
2020 335 367  18.404383  14.147194  -0.286568  -0.110839   0.165127   0.174217  -0.017092  -0.116293   0.008319   0.039394  -0.009599  -0.012511   0.004587   0.005337  -0.001761  -0.002400   0.000884   0.001004  -0.000476  -0.000413   0.000231   0.000174  -0.000109  -0.000075   0.000053   0.000032  -0.000025  -0.000014   0.000010   0.000008
2021   0  32  21.685707  14.064294  -0.177925   0.076549   0.200977   0.001000  -0.175600  -0.004687   0.066341  -0.008458  -0.012286   0.009581   0.001328  -0.005636   0.000266   0.002213  -0.000604  -0.000604   0.000497   0.000097  -0.000270   0.000025   0.000109  -0.000040  -0.000033   0.000029   0.000006  -0.000015   0.000000   0.000008
2021  31  60  23.618618  12.645240  -0.134191   0.168251   0.162476  -0.134366  -0.087891   0.056976   0.014317  -0.011509   0.005335   0.000755  -0.003948   0.000600   0.001109  -0.000473  -0.000031   0.000212  -0.000118  -0.000052   0.000060  -0.000005  -0.000016   0.000011   0.000001  -0.000005   0.000002   0.000001  -0.000001   0.000000
2021  59  91   1.535715  13.943281  -0.078227   0.257147   0.046110  -0.165305   0.032374   0.084132  -0.018715  -0.013810   0.003165  -0.003829   0.001153   0.002705  -0.001083  -0.000623   0.000330  -0.000070   0.000017   0.000101  -0.000059  -0.000029   0.000025  -0.000002  -0.000002   0.000004  -0.000003  -0.000001   0.000002   0.000000
2021  90 121   4.409128  13.497127   0.113686   0.377044  -0.101012  -0.006297   0.110052  -0.029334  -0.032462   0.000020   0.001283   0.003906  -0.000278  -0.001613   0.000488   0.000381   0.000009  -0.000070  -0.000093   0.000027   0.000034  -0.000009  -0.000007  -0.000001   0.000003   0.000002  -0.000001  -0.000001   0.000000   0.000000
2021 120 152   7.366268  14.028676   0.432477   0.311042  -0.155182   0.061201  -0.053381  -0.092855   0.009873   0.024355   0.008806  -0.002316  -0.001526   0.000858  -0.000796  -0.000920   0.000045   0.000392   0.000146  -0.000066  -0.000026   0.000012  -0.000009  -0.000015   0.000000   0.000008   0.000003  -0.000002  -0.000001   0.000001
2021 151 182  10.203601  13.579810   0.552368  -0.014962  -0.123337  -0.057253  -0.128667   0.018813   0.063746   0.011491  -0.012159  -0.005567  -0.001112  -0.000970   0.000983   0.001558   0.000171  -0.000551  -0.000248   0.000022   0.000041   0.000044   0.000037  -0.000005  -0.000024  -0.000009   0.000004   0.000004   0.000002   0.000001
2021 181 213  12.885472  14.029791   0.290524  -0.272498  -0.142659  -0.094116   0.024169   0.119212   0.007158  -0.044880  -0.010387   0.008394   0.005235   0.001820  -0.001309  -0.002356  -0.000205   0.001065   0.000401  -0.000224  -0.000219  -0.000054   0.000061   0.000074   0.000006  -0.000034  -0.000017   0.000006   0.000010   0.000005
2021 212 244  15.951858  14.086007  -0.069486  -0.271640  -0.039431   0.065362   0.139363  -0.011222  -0.073190   0.003883   0.023723   0.001140  -0.006669  -0.002931   0.001876   0.002163  -0.000524  -0.001078   0.000074   0.000441   0.000066  -0.000163  -0.000076   0.000056   0.000050  -0.000015  -0.000025   0.000000   0.000010   0.000004
2021 243 274  18.696733  13.666648  -0.230370  -0.131603   0.097044   0.155501  -0.010049  -0.093937   0.007966   0.030746  -0.006379  -0.009383   0.002704   0.003794  -0.001058  -0.001626   0.000515   0.000646  -0.000254  -0.000254   0.000116   0.000103  -0.000053  -0.000043   0.000024   0.000018  -0.000011  -0.000008   0.000004   0.000004
2021 273 305  21.476385  14.034958  -0.282032  -0.021026   0.199915   0.000720  -0.149075   0.008812   0.061091  -0.012444  -0.013182   0.009323   0.001130  -0.004927   0.000756   0.001938  -0.000771  -0.000528   0.000486   0.000054  -0.000237   0.000049   0.000090  -0.000047  -0.000024   0.000028   0.000002  -0.000013   0.000002   0.000006
2021 304 335   0.228889  13.512950  -0.379696   0.096306   0.152061  -0.186394  -0.015578   0.107976  -0.013113  -0.022282   0.011037  -0.003247  -0.003332   0.004420  -0.000230  -0.001644   0.000720   0.000123  -0.000341   0.000202   0.000049  -0.000122   0.000037   0.000028  -0.000029   0.000007   0.000009  -0.000008   0.000000   0.000003
2021 334 366   2.993281  13.935629  -0.366819   0.290967   0.052309  -0.107926   0.170882   0.025064  -0.067119   0.008976   0.003790  -0.002497   0.004827  -0.003300  -0.001477   0.001987  -0.000277  -0.000230   0.000180  -0.000198   0.000074   0.000084  -0.000076   0.000007   0.000014  -0.000011   0.000008  -0.000001  -0.000005   0.000004
