2008   0  32  -7.59656   2.99321 -13.89660 -17.53061   7.54100   5.12992  -1.31434  -1.10306  -0.02607   0.26440   0.19392  -0.05980  -0.11287   0.00593   0.04310   0.00732  -0.01248  -0.00752   0.00236   0.00450   0.00024  -0.00199  -0.00061   0.00065   0.00046  -0.00012  -0.00025  -0.00004   0.00010   0.00008
2008  31  61 -10.49334   2.77349 -23.77843  -6.68878  10.75183   1.30044  -2.01239  -0.22165   0.39861   0.15451  -0.10505  -0.08140   0.03431   0.03165  -0.01062  -0.01219   0.00264   0.00514  -0.00051  -0.00219   0.00004   0.00090   0.00006  -0.00037  -0.00006   0.00015   0.00004  -0.00006  -0.00002   0.00003
2008  60  92 -11.54207  -1.18776 -22.81177   5.94918  12.33451  -2.28914  -2.00016   0.81947   0.27981  -0.30436  -0.07060   0.11462   0.01682  -0.04272  -0.00005   0.01633  -0.00229  -0.00657   0.00169   0.00262  -0.00104  -0.00098   0.00059   0.00034  -0.00030  -0.00011   0.00014   0.00002  -0.00006   0.00000
2008  91 122  -7.27424  -5.27418 -13.71733  18.13607   5.74674  -4.64277   0.07013   0.67787  -0.46079  -0.00958   0.20561  -0.05818  -0.05384   0.03516   0.00321  -0.01450   0.00530   0.00420  -0.00368  -0.00039   0.00156  -0.00047  -0.00044   0.00039   0.00003  -0.00018   0.00006   0.00005  -0.00004   0.00000
2008 121 153  -0.02622  -3.25091   3.52707  22.11719  -2.64252  -4.57647   1.30566  -0.16140  -0.20031   0.33022  -0.13527  -0.10159   0.08491  -0.00337  -0.01804   0.01419  -0.00456  -0.00460   0.00493  -0.00045  -0.00152   0.00097  -0.00012  -0.00033   0.00031  -0.00003  -0.00012   0.00007   0.00001  -0.00003
2008 152 183   6.93384  -3.31794  19.86110  13.42261  -9.16589  -1.51851   0.71153  -0.31673   0.24916  -0.14833  -0.08740   0.10789  -0.00653  -0.01247   0.00434  -0.00498   0.00410   0.00088  -0.00234   0.00060   0.00019  -0.00009   0.00012  -0.00014   0.00001   0.00006  -0.00003   0.00000   0.00000   0.00000
2008 182 214   9.71831   0.39207  24.18482  -2.48455 -12.30671   0.32356   0.58230   0.19193   0.08607  -0.04301   0.14889  -0.00530  -0.05006  -0.00205   0.00248   0.00187  -0.00203   0.00012   0.00189  -0.00010  -0.00046  -0.00007   0.00009   0.00001  -0.00007   0.00001   0.00003   0.00000  -0.00001   0.00000
2008 213 245   4.87231   2.64541  13.43839 -18.73667  -7.34486   3.52777   1.48149   0.19586  -0.13138  -0.06354  -0.09670  -0.03918   0.04026   0.02484  -0.00179  -0.00485  -0.00229  -0.00165   0.00009   0.00127   0.00053  -0.00025  -0.00023  -0.00005   0.00000   0.00003   0.00004   0.00001  -0.00002  -0.00001
2008 244 275  -2.67332   6.12887  -3.25113 -21.14465   1.06792   5.06924   0.55669  -0.63805  -0.35164  -0.02299   0.10938   0.06846  -0.01852  -0.03017  -0.00403   0.00693   0.00478   0.00034  -0.00204  -0.00120   0.00039   0.00063   0.00011  -0.00018  -0.00013   0.00001   0.00006   0.00003  -0.00002  -0.00002
2008 274 306  -9.22647   2.40486 -17.04532 -14.18950   9.45955   4.13666  -1.69109  -1.02418   0.24546   0.39553  -0.01352  -0.16539  -0.01979   0.06019   0.01681  -0.01897  -0.01052   0.00508   0.00566  -0.00089  -0.00266  -0.00018   0.00111   0.00032  -0.00042  -0.00024   0.00014   0.00015  -0.00004  -0.00010
2008 305 336 -11.61179   0.02498 -23.16902   0.12767  11.82303  -0.16978  -2.46236   0.15887   0.72303  -0.11695  -0.30152   0.06079   0.11879  -0.02740  -0.04512   0.01257   0.01820  -0.00590  -0.00769   0.00276   0.00328  -0.00130  -0.00141   0.00062   0.00062  -0.00031  -0.00027   0.00016   0.00010  -0.00010
2008 335 367  -9.38925  -2.26569 -16.49911  14.13347   9.11935  -4.41188  -1.54614   1.24569   0.05000  -0.51432   0.13933   0.20723  -0.09958  -0.06487   0.05241   0.01268  -0.02524   0.00154   0.01105  -0.00350  -0.00416   0.00258   0.00122  -0.00148  -0.00017   0.00073  -0.00009  -0.00032   0.00009   0.00014
2009   0  32  -1.72559  -3.27574  -0.03740  21.38258  -0.57276  -5.66068   1.09675   0.67243  -0.60154   0.16093   0.18704  -0.17129  -0.01719   0.07174  -0.02028  -0.01529   0.01476  -0.00240  -0.00522   0.00392   0.00047  -0.00190   0.00069   0.00044  -0.00051   0.00009   0.00019  -0.00014  -0.00003   0.00009
2009  31  60   3.04277  -9.53654  12.01371  17.02451  -5.50502  -2.56100   1.28789  -0.21247  -0.11653   0.16187  -0.07732  -0.02396   0.03720  -0.00806  -0.00504   0.00408  -0.00183   0.00006   0.00093  -0.00060  -0.00002   0.00020  -0.00011   0.00002   0.00003  -0.00003   0.00001   0.00001  -0.00001   0.00000
2009  59  91   7.96902  -1.43278  19.69842  12.00134 -10.61897  -1.92113   1.46780  -0.43655  -0.04298   0.08648  -0.03395   0.04282   0.00168  -0.01811   0.00584   0.00179  -0.00117   0.00020  -0.00068   0.00028   0.00033  -0.00026  -0.00001   0.00007  -0.00002   0.00001   0.00000  -0.00001   0.00001   0.00000
2009  90 121   9.29499   0.79005  24.05395  -3.95061 -10.89867   0.64628   0.55407  -0.08134   0.16257   0.12738   0.03092  -0.05085  -0.01869   0.00620  -0.00021  -0.00142   0.00085   0.00141   0.00006  -0.00047  -0.00001   0.00007  -0.00005  -0.00003   0.00002   0.00002  -0.00001   0.00000   0.00000   0.00000
2009 120 152   4.79138   2.00882  13.38816 -17.66554  -7.39864   3.23633   1.21675   0.36342   0.13354  -0.15812  -0.21227  -0.02104   0.06418   0.02581   0.00131  -0.00332  -0.00621  -0.00381   0.00111   0.00206   0.00056  -0.00019  -0.00026  -0.00021  -0.00005   0.00009   0.00007   0.00000  -0.00002  -0.00002
2009 151 182  -2.93200   5.55328  -3.13614 -20.43407   0.65378   4.53439   0.89144  -0.14074  -0.44898  -0.29835   0.08554   0.15394   0.02144  -0.03561  -0.02433  -0.00316   0.00931   0.00671  -0.00094  -0.00302  -0.00107   0.00054   0.00075   0.00022  -0.00022  -0.00021  -0.00001   0.00007   0.00004   0.00000
2009 181 213  -9.28539   2.33215 -16.98291 -13.68199   8.89091   4.27890  -0.84918  -1.08962  -0.31585   0.32855   0.24611  -0.07972  -0.11045  -0.00051   0.03930   0.01410  -0.01161  -0.00982   0.00218   0.00474   0.00046  -0.00184  -0.00079   0.00056   0.00053  -0.00008  -0.00027  -0.00006   0.00010   0.00009
2009 212 244 -11.16996  -0.15284 -21.82515   2.64616  12.26570  -0.09487  -2.55198  -0.39477   0.62276   0.19308  -0.21861  -0.07451   0.07934   0.03161  -0.02757  -0.01359   0.01001   0.00554  -0.00394  -0.00228   0.00163   0.00099  -0.00068  -0.00045   0.00029   0.00021  -0.00012  -0.00010   0.00004   0.00006
2009 243 274  -7.38761  -4.20929 -15.20903  14.93123   7.72113  -3.94584  -1.62733   0.78979   0.30133  -0.21496  -0.02264   0.07279  -0.01443  -0.02511   0.00996   0.00725  -0.00481  -0.00130   0.00215  -0.00015  -0.00090   0.00029   0.00033  -0.00018  -0.00010   0.00009   0.00002  -0.00004   0.00000   0.00002
2009 273 305  -1.07272  -3.43630  -0.56065  20.52464  -0.09813  -5.60118   0.57569   0.93254  -0.24136  -0.06304   0.03567  -0.05360   0.01033   0.02978  -0.01075  -0.00808   0.00482   0.00034  -0.00122   0.00093  -0.00002  -0.00056   0.00021   0.00018  -0.00012  -0.00002   0.00004  -0.00002  -0.00001   0.00002
2009 304 335   5.40421  -4.19000  14.78574  15.26788  -7.57517  -2.57395   1.60946  -0.07443  -0.16811  -0.03081  -0.05863   0.06519   0.01967  -0.02946   0.00108   0.00604  -0.00068   0.00022  -0.00084  -0.00033   0.00068  -0.00002  -0.00022   0.00004   0.00002   0.00001   0.00000  -0.00002   0.00000   0.00001
2009 334 366   9.24984  -0.01516  22.40418   2.53870 -11.50008   0.32831   0.90046  -0.51558  -0.01822   0.02134   0.12168   0.02518  -0.05113   0.00873   0.00978  -0.00527  -0.00247   0.00010   0.00143   0.00001  -0.00063   0.00020   0.00018  -0.00007  -0.00005   0.00001   0.00003  -0.00001  -0.00001   0.00001
2010   0  32   6.62164   2.11148  16.68960 -14.79106  -8.32505   2.54395   0.30463   0.13455   0.29077   0.11026  -0.06780  -0.08189   0.00511   0.00643  -0.00187   0.00505   0.00319  -0.00127  -0.00137   0.00002   0.00006  -0.00008   0.00011   0.00010  -0.00003  -0.00003   0.00000   0.00000   0.00000   0.00000
2010  31  60   1.92575  10.74823   7.60360 -17.72635  -2.80390   1.93351   0.19134   0.30282   0.13742  -0.06042  -0.06198  -0.00537   0.00480   0.00271   0.00399   0.00043  -0.00141  -0.00043   0.00005   0.00004   0.00010   0.00005  -0.00002  -0.00002   0.00000   0.00000   0.00000   0.00000   0.00000   0.00000
2010  59  91  -2.60114   3.25012  -4.31628 -20.73212   1.96188   4.09239   0.39065   0.10692  -0.27819  -0.16291   0.05630   0.04835   0.00031  -0.00826  -0.00629  -0.00119   0.00313   0.00152  -0.00066  -0.00061  -0.00012   0.00012   0.00015   0.00002  -0.00006  -0.00003   0.00001   0.00001   0.00000   0.00000
2010  90 121  -8.36946   3.57529 -18.36791 -11.87391   8.15088   2.98443  -0.37361  -0.59212  -0.18541   0.18957   0.05139  -0.05748  -0.02187   0.01033   0.01166  -0.00008  -0.00474  -0.00091   0.00147   0.00067  -0.00034  -0.00036   0.00004   0.00015   0.00002  -0.00005  -0.00002   0.00001   0.00001   0.00000
2010 120 152 -10.13225   0.03051 -21.04153   2.11603  11.50829   0.24281  -1.95710  -0.46655   0.39773   0.08297  -0.16633   0.00081   0.07011   0.00524  -0.02566  -0.00439   0.00907   0.00148  -0.00350  -0.00049   0.00146   0.00025  -0.00061  -0.00012   0.00024   0.00005  -0.00010  -0.00003   0.00004   0.00002
2010 151 182  -6.77646  -3.96415 -14.44209  14.09709   7.49034  -3.46570  -1.70172   0.62692   0.27246  -0.22582   0.02106   0.10348  -0.03151  -0.04089   0.01462   0.01241  -0.00652  -0.00249   0.00311   0.00006  -0.00142   0.00026   0.00056  -0.00020  -0.00018   0.00012   0.00005  -0.00006  -0.00001   0.00004
2010 181 213  -0.91108  -3.33049  -0.52623  19.44669   0.05465  -5.70431   0.31874   1.15630  -0.25742  -0.13988   0.13241  -0.04688  -0.04726   0.04095   0.01020  -0.01740   0.00057   0.00476  -0.00184  -0.00041   0.00103  -0.00044  -0.00034   0.00033   0.00004  -0.00013   0.00003   0.00003  -0.00003   0.00001
2010 212 244   6.31115  -1.96107  14.90811  13.78450  -8.72085  -2.91294   2.29357  -0.02926  -0.48042   0.12669   0.01787  -0.02272   0.02734  -0.01080  -0.00919   0.00849   0.00067  -0.00259   0.00035   0.00029   0.00004   0.00005  -0.00015   0.00001   0.00008  -0.00003  -0.00002   0.00001   0.00000   0.00000
2010 243 274   9.35421  -0.01555  22.09618   0.84643 -10.53812   1.06179   1.26695  -0.75971  -0.01070   0.18345  -0.01465  -0.02617   0.00018   0.00747   0.00051  -0.00341   0.00001   0.00116  -0.00004  -0.00040   0.00003   0.00018  -0.00004  -0.00007   0.00003   0.00002  -0.00001  -0.00001   0.00000   0.00000
2010 273 305   7.75076   1.84706  16.43952 -12.83721  -8.28692   3.28189   0.28692  -0.35606   0.37286   0.04133  -0.10474  -0.03980   0.01472   0.04512  -0.02611  -0.03261   0.05079   0.00039  -0.05286   0.03589   0.02770  -0.05548   0.01186   0.04703  -0.04546  -0.01450   0.05582  -0.02549  -0.03755   0.05239
2010 304 335   1.32492   4.99666   2.79765 -19.19910  -1.02598   3.52346  -0.09320   0.27091   0.05734  -0.28036  -0.00191   0.07726  -0.00441  -0.00245   0.00221  -0.00685  -0.00054   0.00290  -0.00004  -0.00039   0.00011  -0.00018  -0.00005   0.00012   0.00001  -0.00003   0.00000   0.00000   0.00000   0.00001
2010 334 366  -5.81185   2.13384 -12.42496 -16.02730   6.42416   3.58144  -0.26012  -0.18187  -0.42394  -0.00073   0.20374  -0.00143  -0.04878  -0.01067   0.00225   0.00972   0.00276  -0.00422  -0.00143   0.00088   0.00063   0.00011  -0.00027  -0.00017   0.00009   0.00008  -0.00001  -0.00003  -0.00001   0.00001
2011   0  32  -9.66813   0.48713 -20.62627  -1.44155  11.09981   1.16369  -1.41304  -0.75904   0.09385   0.30241  -0.04105  -0.09646   0.00751   0.03186   0.00523  -0.01108  -0.00368   0.00361   0.00156  -0.00111  -0.00070   0.00035   0.00033  -0.00010  -0.00015   0.00002   0.00006   0.00000  -0.00002   0.00000
2011  31  60  -7.50972  -3.82354 -20.37462   6.84971   8.42242  -0.45014  -1.53441  -0.35428   0.28995   0.10693  -0.06390  -0.02126   0.01806   0.00587  -0.00566  -0.00191   0.00161   0.00048  -0.00049  -0.00007   0.00019   0.00001  -0.00008   0.00000   0.00003   0.00000  -0.00001   0.00000   0.00000   0.00000
2011  59  91  -5.24424  -2.06849 -12.15252  14.86539   7.15607  -3.66867  -2.08314   0.34984   0.57699   0.03098  -0.10638  -0.02587   0.00420   0.00339   0.00493   0.00220  -0.00195  -0.00138   0.00040   0.00035  -0.00010   0.00000   0.00008  -0.00003  -0.00006   0.00001   0.00003   0.00000  -0.00001   0.00000
2011  90 121   1.04497  -5.03529   1.06305  17.85877  -0.40321  -5.02000  -0.15616   1.06109   0.18818  -0.18764  -0.10869   0.00347   0.04361   0.01582  -0.01278  -0.00887   0.00224   0.00315   0.00026  -0.00072  -0.00042   0.00002   0.00021   0.00008  -0.00006  -0.00005   0.00000   0.00002   0.00000   0.00000
2011 120 152   6.80946  -2.00983  13.45996  13.16096  -7.74008  -3.48252   1.89347   0.63474  -0.42737  -0.23664   0.06246   0.11387  -0.00122  -0.04841  -0.00328   0.01777   0.00284  -0.00570  -0.00204   0.00167   0.00120  -0.00045  -0.00060   0.00009   0.00026   0.00001  -0.00010  -0.00003   0.00004   0.00003
2011 151 182   9.35036  -0.18330  20.47738   1.25769  -9.99740   0.42855   1.64951  -0.43466  -0.37174   0.11401   0.15232  -0.03019  -0.05644   0.01587   0.01862  -0.00730  -0.00638   0.00277   0.00237  -0.00111  -0.00090   0.00048   0.00034  -0.00021  -0.00013   0.00009   0.00005  -0.00004  -0.00002   0.00002
2011 181 213   7.74405   1.89369  15.92577 -11.71721  -8.17940   3.09026   0.53192  -0.60762   0.20376   0.22111  -0.07222  -0.07558   0.02894   0.01443  -0.01452  -0.00009   0.00611  -0.00120  -0.00201   0.00083   0.00049  -0.00046  -0.00006   0.00021  -0.00002  -0.00007   0.00003   0.00002  -0.00001   0.00000
2011 212 244   0.83479   2.81635   1.04477 -19.24730  -0.43164   3.76539  -0.26341   0.16481   0.19746  -0.17059  -0.05654   0.04414   0.00301  -0.00589   0.00463  -0.00158  -0.00215   0.00132   0.00036  -0.00041   0.00011   0.00003  -0.00009   0.00003   0.00003  -0.00002   0.00000   0.00000   0.00000   0.00000
2011 243 274  -5.43860   4.06863 -13.69446 -14.26340   5.80753   2.46111  -0.02174   0.12437  -0.20936  -0.04506   0.03581  -0.00811  -0.00180   0.00076  -0.00074   0.00163   0.00018  -0.00062  -0.00001   0.00005   0.00003   0.00003  -0.00002  -0.00001   0.00001   0.00000   0.00000   0.00000   0.00000   0.00000
2011 273 305  -8.37646   0.87598 -19.83231  -2.33158  10.11383   1.33938  -0.59159  -0.50245  -0.17781   0.03248  -0.02013   0.01529   0.02300   0.00483  -0.00301  -0.00401  -0.00050   0.00068   0.00006  -0.00006   0.00003   0.00007   0.00001  -0.00003  -0.00001   0.00000   0.00000   0.00000   0.00000   0.00000
2011 304 335  -6.02276  -2.56554 -16.35859  10.13170   8.16267  -1.16090  -1.44001  -0.37671   0.06410   0.03496   0.06590   0.05051  -0.01012  -0.02277  -0.00600   0.00329   0.00212   0.00058   0.00032  -0.00012  -0.00036  -0.00014   0.00007   0.00007   0.00001   0.00000   0.00000  -0.00001   0.00000   0.00000
2011 334 366  -0.94453  -2.92406  -4.18757  17.29205   2.80687  -4.39228  -1.20579   0.48291   0.31423   0.08346   0.00889  -0.07446  -0.04414   0.01939   0.02143   0.00042  -0.00510  -0.00233  -0.00029   0.00085   0.00083  -0.00001  -0.00037  -0.00013   0.00006   0.00007   0.00002  -0.00001  -0.00002  -0.00001
2012   0  32   5.53195  -2.65706  10.48313  14.61446  -5.76048  -4.17333   1.10194   0.82607  -0.08708  -0.15256  -0.07456   0.01884   0.05130   0.00151  -0.01990  -0.00320   0.00550   0.00229  -0.00093  -0.00123  -0.00009   0.00053   0.00017  -0.00017  -0.00010   0.00003   0.00005   0.00000  -0.00002  -0.00001
2012  31  61   8.02861  -2.70526  18.56493   6.16224  -8.49089  -1.07590   1.64193   0.05270  -0.29621  -0.02965   0.05397   0.02414  -0.01311  -0.01073   0.00422   0.00386  -0.00125  -0.00138   0.00031   0.00053  -0.00007  -0.00020   0.00001   0.00007   0.00000  -0.00003   0.00000   0.00001   0.00000   0.00000
2012  60  92   9.17679   0.76491  18.28671  -3.70044  -9.89136   1.74154   1.57929  -0.72193  -0.15427   0.23717   0.00176  -0.06868   0.00820   0.01979  -0.00528  -0.00584   0.00253   0.00178  -0.00107  -0.00055   0.00046   0.00016  -0.00020  -0.00004   0.00008   0.00000  -0.00003   0.00001   0.00001  -0.00001
2012  91 122   6.12392   3.97765  11.71204 -13.78750  -4.89347   3.58979  -0.09915  -0.52616   0.36681  -0.00261  -0.13653   0.04679   0.02810  -0.02348   0.00068   0.00758  -0.00342  -0.00148   0.00176  -0.00011  -0.00058   0.00026   0.00011  -0.00014   0.00001   0.00005  -0.00002  -0.00001   0.00001   0.00000
2012 121 153   0.44350   2.56244  -1.80688 -17.63994   1.55164   3.63422  -0.94684   0.14137   0.18470  -0.24639   0.07107   0.07140  -0.04994   0.00099   0.01135  -0.00833   0.00161   0.00279  -0.00218   0.00004   0.00070  -0.00040   0.00001   0.00015  -0.00010  -0.00001   0.00004  -0.00002  -0.00001   0.00001
2012 152 183  -5.24941   2.92542 -14.95924 -11.41020   6.91094   1.48634  -0.52230   0.24110  -0.20849   0.04807   0.08217  -0.05667  -0.00399   0.00792  -0.00330   0.00310  -0.00080  -0.00120   0.00089  -0.00004  -0.00012   0.00007  -0.00006   0.00002   0.00002  -0.00002   0.00000   0.00000   0.00000   0.00000
2012 182 214  -7.79886  -0.04969 -19.11590   0.62367   9.78096   0.03427  -0.59255  -0.21210  -0.10791   0.09223  -0.05686  -0.01937   0.02471   0.00403  -0.00056  -0.00188  -0.00028   0.00069  -0.00037  -0.00017   0.00011   0.00005   0.00000  -0.00002   0.00000   0.00001   0.00000   0.00000   0.00000   0.00000
2012 213 245  -4.47398  -1.85733 -11.75219  13.68872   6.39279  -2.64378  -1.27720  -0.13358   0.20441   0.06518   0.00294   0.01124  -0.00962  -0.00965  -0.00016   0.00256   0.00100  -0.00003  -0.00015  -0.00020  -0.00011   0.00004   0.00007   0.00001  -0.00001  -0.00001   0.00000   0.00000   0.00000   0.00000
2012 244 275   1.33515  -4.66792   0.85009  16.44152  -0.06897  -4.01712  -0.54249   0.58276   0.28078  -0.05275  -0.08333  -0.01786   0.01730   0.01221  -0.00103  -0.00386  -0.00112   0.00058   0.00061   0.00014  -0.00016  -0.00014   0.00000   0.00005   0.00002  -0.00001  -0.00001   0.00000   0.00000   0.00000
2012 274 306   6.62857  -1.97674  12.02106  11.93424  -6.73397  -3.52688   1.27095   0.87017  -0.21541  -0.29998   0.02787   0.11217   0.00616  -0.03914  -0.00770   0.01250   0.00474  -0.00359  -0.00240   0.00086   0.00108  -0.00011  -0.00044  -0.00005   0.00016   0.00005  -0.00005  -0.00004   0.00002   0.00002
2012 305 336   8.95628  -0.35794  17.83790   1.39724  -9.14155  -0.20229   1.97157  -0.06797  -0.56111   0.05307   0.21272  -0.02599  -0.07931   0.01194   0.02878  -0.00535  -0.01078   0.00232   0.00418  -0.00100  -0.00165   0.00043   0.00066  -0.00019  -0.00027   0.00008   0.00011  -0.00004  -0.00004   0.00002
2012 335 367   7.80183   1.64380  14.02934  -9.64187  -7.71414   3.08579   1.29377  -0.92600  -0.11402   0.37748  -0.03872  -0.14825   0.04040   0.04870  -0.02447  -0.01316   0.01250   0.00249  -0.00566   0.00018   0.00230  -0.00056  -0.00083   0.00042   0.00026  -0.00024  -0.00006   0.00012   0.00001  -0.00007
2013   0  32   2.17321   2.57573   2.06269 -16.53404  -0.69908   4.28735  -0.61202  -0.52816   0.44203  -0.04184  -0.16461   0.07671   0.03550  -0.03764   0.00192   0.01162  -0.00582  -0.00167   0.00302  -0.00064  -0.00090   0.00062   0.00007  -0.00027   0.00009   0.00006  -0.00007   0.00001   0.00003  -0.00002
2013  31  60  -1.65377   7.86475  -7.16488 -13.85539   3.27840   2.10432  -0.82016   0.12914   0.13852  -0.11698   0.01198   0.02766  -0.01453  -0.00085   0.00372  -0.00166  -0.00001   0.00051  -0.00030   0.00000   0.00009  -0.00005   0.00000   0.00001  -0.00001   0.00000   0.00000   0.00000   0.00000   0.00000
2013  59  91  -5.50129   1.44246 -13.81686 -10.75644   7.34679   1.91475  -0.90976   0.26988   0.01115  -0.09791   0.01988  -0.00619  -0.00521   0.00630  -0.00057  -0.00064   0.00042  -0.00025   0.00009   0.00006  -0.00009   0.00002   0.00002  -0.00001   0.00000   0.00000   0.00000   0.00000   0.00000   0.00000
2013  90 121  -7.08046  -0.10022 -18.61857   1.03524   8.35161   0.01891  -0.38979  -0.02342  -0.14659  -0.06184  -0.01135   0.02431   0.01245  -0.00116  -0.00064  -0.00046  -0.00042  -0.00023  -0.00003   0.00011   0.00004  -0.00001   0.00000   0.00000   0.00000   0.00000   0.00000   0.00000   0.00000   0.00000
2013 120 152  -4.30144  -1.42530 -11.97379  12.13503   6.56980  -1.98304  -1.01905  -0.36101  -0.07269   0.09758   0.12187   0.02905  -0.03058  -0.01927  -0.00301   0.00233   0.00303   0.00165  -0.00014  -0.00075  -0.00036   0.00002   0.00011   0.00008   0.00002  -0.00002  -0.00002  -0.00001   0.00000   0.00000
2013 151 182   1.30428  -4.43841  -0.11570  15.71757   0.80013  -3.34605  -0.90428   0.06211   0.29289   0.20091  -0.01007  -0.08680  -0.03014   0.01374   0.01493   0.00408  -0.00292  -0.00336  -0.00064   0.00095   0.00069   0.00002  -0.00023  -0.00014   0.00001   0.00006   0.00003  -0.00001  -0.00002  -0.00001
2013 181 213   6.30791  -2.23861  11.05779  12.14402  -5.66291  -3.67387   0.41958   0.81773   0.26373  -0.15659  -0.17120   0.00459   0.06499   0.01685  -0.01661  -0.01144   0.00184   0.00500   0.00103  -0.00160  -0.00091   0.00031   0.00045   0.00003  -0.00017  -0.00007   0.00005   0.00004  -0.00001  -0.00002
2013 212 244   8.59685  -0.35104  16.64526   0.67494  -9.27494  -0.54104   1.88437   0.35653  -0.39302  -0.17417   0.10080   0.07161  -0.02661  -0.02664   0.00632   0.00957  -0.00127  -0.00344   0.00018   0.00125   0.00002  -0.00046  -0.00004   0.00017   0.00002  -0.00006  -0.00001   0.00003   0.00001  -0.00001
2013 243 274   6.59883   2.65264  13.53417  -9.35797  -6.71584   2.53889   1.26720  -0.52415  -0.23195   0.12981   0.04100  -0.03729  -0.00484   0.01151  -0.00054  -0.00346   0.00081   0.00096  -0.00048  -0.00024   0.00023   0.00004  -0.00009   0.00000   0.00003  -0.00001  -0.00001   0.00000   0.00000   0.00000
2013 273 305   2.33317   2.61060   3.25299 -15.26688  -1.41435   4.09749  -0.24878  -0.65260   0.19058   0.05130  -0.04632   0.02558   0.00425  -0.01426   0.00276   0.00396  -0.00198  -0.00047   0.00076  -0.00020  -0.00018   0.00016   0.00001  -0.00006   0.00002   0.00001  -0.00001   0.00000   0.00000   0.00000
2013 304 335  -2.74533   3.75087  -8.75672 -13.16735   4.59116   2.27349  -1.08841   0.07889   0.11430  -0.04020   0.05193  -0.01563  -0.02114   0.01247   0.00137  -0.00319   0.00100  -0.00014  -0.00020   0.00033  -0.00011  -0.00008   0.00007  -0.00001  -0.00001   0.00001   0.00000   0.00000   0.00000   0.00000
2013 334 366  -6.45353   0.49679 -16.45106  -4.95637   8.38799   0.30305  -0.70167   0.37408  -0.05535   0.01739  -0.02445  -0.04513   0.02219   0.00351  -0.00595   0.00208   0.00022   0.00015   0.00011  -0.00034   0.00011   0.00006  -0.00006   0.00001   0.00000   0.00000   0.00000   0.00000   0.00000   0.00000
2014   0  32  -5.79776  -1.23149 -14.90177   8.54073   7.32524  -1.46325  -0.24134  -0.10634  -0.15549  -0.04340  -0.01773   0.04099   0.01167  -0.00412   0.00072  -0.00103  -0.00105  -0.00028   0.00019   0.00021   0.00000   0.00000   0.00000  -0.00001  -0.00001   0.00000   0.00000   0.00000   0.00000   0.00000
2014  31  60  -2.57900  -7.31342  -9.40301  12.13239   3.26563  -1.27780  -0.21283  -0.17538  -0.05320   0.00183   0.02000   0.01248  -0.00089  -0.00120  -0.00091  -0.00053   0.00009   0.00017   0.00006   0.00000  -0.00001  -0.00001   0.00000   0.00000   0.00000   0.00000   0.00000   0.00000   0.00000   0.00000
2014  59  91   0.54122  -2.38783  -0.34986  15.80464   0.34138  -3.14790  -0.47703  -0.05162   0.18073   0.08963  -0.01622  -0.01952  -0.00621   0.00234   0.00259   0.00073  -0.00043  -0.00054  -0.00007   0.00014   0.00008   0.00000  -0.00003  -0.00001   0.00000   0.00001   0.00000   0.00000   0.00000   0.00000
2014  90 121   5.47492  -3.28549  11.23695  11.27164  -4.97733  -2.76721   0.19159   0.47889   0.16014  -0.11386  -0.05620   0.02554   0.01875  -0.00254  -0.00634  -0.00116   0.00177   0.00087  -0.00034  -0.00037   0.00000   0.00013   0.00004  -0.00003  -0.00002   0.00001   0.00001   0.00000   0.00000   0.00000
2014 120 152   7.98846  -0.44348  15.86483   1.92469  -8.67985  -0.96193   1.51894   0.44406  -0.30924  -0.14072   0.11335   0.04316  -0.04048  -0.01740   0.01258   0.00731  -0.00385  -0.00286   0.00123   0.00111  -0.00039  -0.00044   0.00012   0.00018  -0.00003  -0.00007   0.00001   0.00003   0.00000  -0.00002
2014 151 182   6.68010   2.29622  13.65771  -7.99889  -6.95474   2.02473   1.49684  -0.42729  -0.32529   0.18031   0.06964  -0.08170  -0.01481   0.03167   0.00256  -0.01127   0.00036   0.00391  -0.00069  -0.00135   0.00046   0.00045  -0.00023  -0.00014   0.00011   0.00004  -0.00005  -0.00001   0.00002   0.00000
2014 181 213   2.89402   2.44148   4.41540 -14.20641  -2.25349   4.21724   0.18508  -0.94295   0.15166   0.21073  -0.12433  -0.03089   0.05878  -0.00436  -0.02067   0.00656   0.00546  -0.00372  -0.00077   0.00156  -0.00024  -0.00051   0.00026   0.00011  -0.00014   0.00000   0.00005  -0.00002  -0.00002   0.00002
2014 212 244  -2.93094   1.92513  -8.01124 -12.81538   4.86752   3.00780  -1.51435  -0.15445   0.41127  -0.11803  -0.05546   0.06255  -0.01301  -0.01541   0.01111   0.00041  -0.00370   0.00135   0.00053  -0.00060   0.00012   0.00011  -0.00010   0.00002   0.00002  -0.00002   0.00000   0.00000   0.00000   0.00000
2014 243 274  -6.37190   1.01400 -15.88979  -4.42679   7.74000   0.10784  -1.09882   0.48186   0.03344  -0.13463   0.03478   0.01040  -0.01065   0.00297   0.00055  -0.00097   0.00048   0.00006  -0.00016   0.00003   0.00003  -0.00001  -0.00001   0.00001   0.00000   0.00000   0.00000   0.00000   0.00000   0.00000
2014 273 305  -6.54392  -1.02834 -14.79056   6.40153   7.63722  -1.77584  -0.44584   0.28948  -0.25510  -0.04549   0.07600   0.00423  -0.01061   0.00261   0.00092  -0.00170  -0.00013   0.00045   0.00001  -0.00007   0.00002   0.00001  -0.00001  -0.00001   0.00000   0.00000   0.00000   0.00000   0.00000   0.00000
2014 304 335  -2.49667  -3.63547  -6.54635  13.73433   2.98360  -2.47256  -0.21159  -0.18148  -0.09752   0.15116   0.04920  -0.03131  -0.00994  -0.00019  -0.00121   0.00200   0.00144  -0.00050  -0.00040   0.00000   0.00000   0.00003   0.00004   0.00000  -0.00001   0.00000   0.00000   0.00000   0.00000   0.00000
2014 334 366   3.05208  -2.08860   5.49726  14.33839  -2.66657  -3.27671  -0.16802   0.12332   0.31328   0.11348  -0.11223  -0.05567   0.01665   0.01691   0.00515  -0.00312  -0.00425  -0.00021   0.00141   0.00051  -0.00019  -0.00026  -0.00007   0.00008   0.00006  -0.00001  -0.00002  -0.00001   0.00001   0.00001
2015   0  32   7.34279  -1.10075  14.69049   5.54605  -7.82877  -1.98730   0.90523   0.69467   0.07916  -0.24932  -0.07454   0.07194   0.03602  -0.01368  -0.01569   0.00027   0.00583   0.00126  -0.00178  -0.00084   0.00043   0.00040  -0.00006  -0.00016  -0.00001   0.00006   0.00002  -0.00002  -0.00001   0.00000
2015  31  60   6.70640   0.69298  16.98703  -1.21783  -6.83974  -0.50682   1.08460   0.44686  -0.15569  -0.16082   0.01793   0.04621   0.00230  -0.01249  -0.00271   0.00317   0.00125  -0.00074  -0.00045   0.00016   0.00015  -0.00003  -0.00005   0.00001   0.00001   0.00000   0.00000   0.00000   0.00000   0.00000
2015  59  91   5.99547   1.08609  12.64757  -8.12112  -7.27295   1.78098   1.78117  -0.01604  -0.44374  -0.08327   0.10022   0.03530  -0.01896  -0.01032   0.00322   0.00241  -0.00053  -0.00046   0.00009   0.00006  -0.00001   0.00001   0.00000  -0.00002   0.00000   0.00001   0.00000   0.00000   0.00000   0.00000
2015  90 121   1.79170   3.88309   4.14290 -13.45577  -2.23963   3.64168   0.61619  -0.70885  -0.19626   0.12032   0.05950  -0.00731  -0.01461  -0.00490   0.00255   0.00279  -0.00014  -0.00094  -0.00010   0.00023   0.00004  -0.00004   0.00000   0.00000   0.00000   0.00000   0.00000   0.00000   0.00000   0.00000
2015 120 152  -2.96729   2.17908  -6.52562 -13.09914   3.76714   3.49887  -1.04005  -0.60470   0.23192   0.13517  -0.01106  -0.03846  -0.01479   0.01321   0.00791  -0.00444  -0.00280   0.00115   0.00084  -0.00015  -0.00024  -0.00005   0.00007   0.00004  -0.00002  -0.00002   0.00000   0.00001   0.00000   0.00000
2015 151 182  -6.29008   1.55359 -14.92935  -5.80395   7.29960   0.71025  -1.28815   0.18608   0.22900  -0.01384  -0.05688  -0.01864   0.02125   0.00614  -0.00820  -0.00109   0.00244   0.00030  -0.00063  -0.00017   0.00019   0.00008  -0.00007  -0.00003   0.00003   0.00001  -0.00001   0.00000   0.00000   0.00000
2015 181 213  -6.86394  -0.84651 -15.35003   4.54138   7.83527  -1.48778  -0.57965   0.43453  -0.06992  -0.11703  -0.01910   0.03021   0.00860  -0.01008   0.00147   0.00334  -0.00124  -0.00087   0.00037   0.00020  -0.00014  -0.00005   0.00006   0.00001  -0.00002   0.00000   0.00001   0.00000   0.00000   0.00000
2015 212 244  -2.77644  -2.03890  -6.44434  14.02247   3.18949  -2.62348  -0.01838  -0.11540  -0.19032   0.04106   0.05576   0.00852  -0.00701  -0.00043  -0.00105  -0.00143   0.00064   0.00047  -0.00011  -0.00002   0.00001  -0.00003  -0.00001   0.00001   0.00000   0.00000   0.00000   0.00000   0.00000   0.00000
2015 243 274   2.50711  -3.93617   5.69650  13.84651  -2.20494  -2.29063  -0.17460  -0.17515   0.10346   0.08263   0.00244  -0.00626  -0.00471  -0.00146   0.00088   0.00051  -0.00015  -0.00008   0.00001   0.00001   0.00001   0.00000  -0.00001   0.00000   0.00000   0.00000   0.00000   0.00000   0.00000   0.00000
2015 273 305   6.36037  -1.32991  14.23794   7.11387  -7.03893  -2.03754   0.22532   0.35043   0.20554  -0.02514  -0.01611  -0.00372  -0.00563  -0.00122  -0.00010   0.00086   0.00073  -0.00004  -0.00020  -0.00007   0.00002   0.00003   0.00000  -0.00001   0.00000   0.00000   0.00000   0.00000   0.00000   0.00000
2015 304 335   6.50102   0.80052  15.99711  -3.27021  -7.60138  -0.15448   1.04905   0.39351  -0.06227  -0.04072   0.00048  -0.01944  -0.00852   0.00563   0.00535   0.00007  -0.00135  -0.00028   0.00016   0.00001  -0.00003   0.00002   0.00003  -0.00001  -0.00001   0.00000   0.00000   0.00000   0.00000   0.00000
2015 334 366   3.80013   2.00099   9.03468 -11.80202  -5.21361   2.76955   1.36216  -0.24487  -0.25334   0.00568  -0.01394  -0.00737   0.02615   0.00977  -0.00908  -0.00483   0.00172   0.00117  -0.00015   0.00000   0.00004  -0.00013  -0.00005   0.00006   0.00003  -0.00001  -0.00001   0.00000   0.00000   0.00000
2016   0  32  -1.45441   2.58812  -2.85448 -14.11332   1.59808   4.00433  -0.33648  -0.74708   0.06297   0.08179  -0.00451   0.02388  -0.00393  -0.01802   0.00243   0.00655  -0.00079  -0.00155   0.00011   0.00014   0.00005   0.00008  -0.00004  -0.00006   0.00002   0.00002  -0.00000  -0.00000   0.00000  -0.00000
2016  31  61  -4.64227   4.08022 -11.46373  -9.59263   5.47845   2.00596  -1.23966  -0.17552   0.22848  -0.00953  -0.01518   0.00557  -0.00795   0.00108   0.00382  -0.00129  -0.00099   0.00047   0.00019  -0.00009  -0.00004   0.00000   0.00001   0.00000  -0.00001  -0.00000   0.00000   0.00000  -0.00000  -0.00000
2016  60  92  -7.19091   0.14630 -15.16389  -2.83137   8.39345   0.00119  -1.58831   0.44954   0.22438  -0.16784  -0.01066   0.03652  -0.00598  -0.00555   0.00170   0.00061  -0.00005  -0.00010  -0.00013   0.00006   0.00007  -0.00004  -0.00003   0.00002   0.00001  -0.00001  -0.00000   0.00000  -0.00000  -0.00000
2016  91 122  -6.68449  -2.30253 -14.31544   7.29169   6.41897  -2.29533  -0.34866   0.54672  -0.22392  -0.08461   0.09232  -0.00459  -0.02267   0.00854   0.00345  -0.00358   0.00005   0.00101  -0.00028  -0.00021   0.00014   0.00003  -0.00005   0.00000   0.00002  -0.00000  -0.00000   0.00000   0.00000  -0.00000
2016 121 153  -3.04536  -2.25132  -5.08081  14.42791   2.22941  -3.22231   0.38828   0.04241  -0.27174   0.16498   0.03859  -0.06497   0.01130   0.01035  -0.00851   0.00199   0.00237  -0.00179  -0.00007   0.00056  -0.00024  -0.00005   0.00012  -0.00004  -0.00003   0.00002  -0.00000  -0.00001   0.00000  -0.00000
2016 152 183   2.35459  -3.63333   6.96742  13.52647  -3.34491  -2.19906   0.33101  -0.21345   0.14608   0.08650  -0.08844   0.00044   0.01589  -0.00403   0.00275  -0.00023  -0.00192   0.00074   0.00028  -0.00020   0.00007  -0.00003  -0.00003   0.00003  -0.00000  -0.00001   0.00000  -0.00000  -0.00000   0.00000
2016 182 214   6.42931  -0.87134  14.98009   5.99750  -7.73743  -1.40203   0.47941   0.21904   0.19004  -0.11499  -0.03555   0.04327   0.00344  -0.00553  -0.00351  -0.00068   0.00198   0.00018  -0.00055  -0.00003   0.00009   0.00005  -0.00001  -0.00003   0.00001   0.00001  -0.00000  -0.00000  -0.00000   0.00000
2016 213 245   6.17329   0.76448  14.29240  -6.66679  -7.77731   1.00368   1.29731   0.30936  -0.20438  -0.10693   0.04897   0.01152  -0.01397  -0.00257   0.00452   0.00173  -0.00126  -0.00062   0.00025   0.00013  -0.00006  -0.00002   0.00003   0.00000  -0.00001  -0.00000   0.00000   0.00000  -0.00000  -0.00000
2016 244 275   2.13216   3.65959   6.08373 -13.22778  -3.38581   3.11146   1.08305  -0.38936  -0.32536   0.03839   0.07127   0.00159  -0.01075  -0.00171   0.00074   0.00015   0.00011   0.00011  -0.00000  -0.00004  -0.00003  -0.00001   0.00001   0.00001  -0.00000  -0.00001  -0.00000   0.00000   0.00000  -0.00000
2016 274 306  -2.90847   2.25412  -4.90438 -13.85395   2.65838   4.10239  -0.42222  -0.95944   0.01389   0.26661   0.03256  -0.07282  -0.02266   0.01804   0.01048  -0.00369  -0.00397   0.00040   0.00129   0.00014  -0.00035  -0.00012   0.00007   0.00006  -0.00000  -0.00002  -0.00001   0.00000   0.00000   0.00000
2016 305 336  -6.78374   2.00620 -13.79731  -7.44006   7.12572   1.83606  -1.65889  -0.32293   0.46374   0.10694  -0.15091  -0.04462   0.05065   0.01708  -0.01721  -0.00640   0.00581   0.00249  -0.00193  -0.00100   0.00063   0.00040  -0.00021  -0.00016   0.00006   0.00007  -0.00002  -0.00003   0.00001   0.00002
2016 335 367  -8.11487  -0.54989 -15.57462   2.36982   8.63195  -1.13876  -1.61067   0.58220   0.33243  -0.26317  -0.10299   0.10680   0.02762  -0.04164  -0.00417   0.01602  -0.00065  -0.00605   0.00098   0.00222  -0.00064  -0.00079   0.00035   0.00027  -0.00017  -0.00009   0.00008   0.00003  -0.00003  -0.00001
2017   0  32  -4.94126  -1.98735  -8.81608  12.74472   4.50853  -3.41052  -0.14545   0.58797  -0.30734  -0.12211   0.15656   0.01302  -0.05363   0.01056   0.01344  -0.00880  -0.00182   0.00403  -0.00056  -0.00131   0.00062   0.00027  -0.00033   0.00001   0.00012  -0.00005  -0.00003   0.00003   0.00001  -0.00002
2017  31  60  -1.26708  -7.75169  -1.43007  13.68977   0.10491  -2.23875   0.45048   0.00199  -0.20450   0.07567   0.04239  -0.02833  -0.00021   0.00642  -0.00328  -0.00040   0.00127  -0.00038  -0.00021   0.00019  -0.00003  -0.00004   0.00003   0.00000  -0.00001   0.00000   0.00000   0.00000   0.00000   0.00000
2017  59  91   2.55830  -1.95992   7.04807  14.32350  -3.64313  -2.77630   0.51769  -0.17762  -0.04892   0.12443  -0.00934  -0.01775   0.00882  -0.00092  -0.00179   0.00113  -0.00032  -0.00021   0.00026  -0.00005  -0.00005   0.00004  -0.00001  -0.00001   0.00001   0.00000   0.00000   0.00000   0.00000   0.00000
2017  90 121   6.28816  -1.64164  16.43632   5.98007  -7.12988  -1.25659   0.19975   0.01798   0.14819   0.02478   0.00894   0.00149  -0.00869  -0.00211  -0.00018   0.00030   0.00047  -0.00003  -0.00003   0.00002  -0.00001   0.00000   0.00000   0.00000   0.00000   0.00000   0.00000   0.00000   0.00000   0.00000
2017 120 152   6.26183   0.49339  15.88584  -5.45486  -8.36942   0.32291   0.89677   0.45446   0.10995  -0.02350  -0.05109  -0.04887  -0.00394   0.01223   0.00703   0.00101  -0.00111  -0.00084  -0.00042  -0.00006   0.00014   0.00011   0.00003  -0.00002  -0.00002  -0.00001   0.00000   0.00000   0.00000   0.00000
2017 151 182   2.23806   3.71982   8.04900 -13.25762  -4.47743   2.38177   1.23680   0.14912  -0.15364  -0.14662  -0.07093   0.02443   0.04065   0.00926  -0.00749  -0.00604  -0.00138   0.00093   0.00119   0.00042  -0.00022  -0.00027  -0.00007   0.00005   0.00005   0.00002  -0.00001  -0.00001   0.00000   0.00000
2017 181 213  -2.84884   2.61166  -3.71262 -14.92908   1.58040   4.13640   0.33633  -0.66431  -0.31622   0.00282   0.11926   0.06594  -0.02528  -0.03356  -0.00199   0.01006   0.00455  -0.00134  -0.00231  -0.00056   0.00068   0.00051  -0.00006  -0.00021  -0.00007   0.00005   0.00005   0.00000  -0.00002  -0.00001
2017 212 244  -7.37715   1.32445 -14.05783  -7.61368   7.77508   2.28324  -1.51581  -0.56701   0.23131   0.20180  -0.00809  -0.07750  -0.01437   0.02628   0.00883  -0.00763  -0.00422   0.00187   0.00186  -0.00033  -0.00076  -0.00001   0.00029   0.00005  -0.00010  -0.00004   0.00003   0.00002  -0.00001  -0.00001
2017 243 274  -8.01116  -0.97859 -16.73781   2.88562   8.27150  -1.01986  -1.49341   0.31376   0.28101  -0.07987  -0.07281   0.02024   0.02150  -0.00665  -0.00639   0.00255   0.00190  -0.00101  -0.00057   0.00040   0.00017  -0.00016  -0.00005   0.00006   0.00001  -0.00002   0.00000   0.00001   0.00000   0.00000
2017 273 305  -5.71821  -2.33908 -10.40420  12.39565   5.29756  -3.50907  -0.37739   0.67160  -0.15688  -0.10182   0.07909   0.00039  -0.02535   0.00725   0.00572  -0.00392  -0.00062   0.00153  -0.00025  -0.00047   0.00022   0.00010  -0.00011   0.00000   0.00004  -0.00001  -0.00001   0.00001   0.00000   0.00000
2017 304 335  -0.83416  -4.63794   0.81425  15.59346  -1.01860  -3.04033   0.80255   0.01533  -0.17123   0.12457  -0.03389  -0.03692   0.02720   0.00012  -0.00668   0.00350  -0.00014  -0.00118   0.00074   0.00004  -0.00027   0.00012   0.00002  -0.00005   0.00002   0.00001  -0.00001   0.00000   0.00000   0.00000
2017 334 366   4.40306  -1.59302  12.42192  11.80356  -6.52098  -1.71572   0.80212  -0.35149   0.08926   0.00011  -0.07631   0.05937   0.00687  -0.01490   0.00570  -0.00114  -0.00065   0.00134  -0.00085  -0.00007   0.00030  -0.00013   0.00002   0.00002  -0.00003   0.00002   0.00000  -0.00001   0.00000   0.00000
2018   0  32   6.98645   0.20953  17.83875  -1.23254  -8.86447   0.22202   0.30533   0.05353   0.11953  -0.02182   0.07655   0.00016  -0.02640   0.00022  -0.00039   0.00042   0.00003  -0.00010   0.00057  -0.00001  -0.00012   0.00000   0.00000   0.00000  -0.00001   0.00000   0.00000   0.00000   0.00000   0.00000
2018  31  60   4.97992   4.80837  16.32641  -7.98684  -5.57597   0.67885   0.29515   0.14890   0.01296   0.02785   0.01451  -0.01737  -0.00566   0.00076   0.00057   0.00019   0.00018   0.00016  -0.00004  -0.00006  -0.00001   0.00000   0.00000   0.00000   0.00000   0.00000   0.00000   0.00000   0.00000   0.00000
2018  59  91   2.81841   2.13640   8.09216 -14.80263  -4.44980   2.85567   0.90926   0.13422  -0.13937  -0.08464  -0.01625   0.00168   0.01417   0.00504  -0.00161  -0.00172  -0.00076   0.00003   0.00032   0.00020  -0.00001  -0.00007  -0.00003   0.00000   0.00001   0.00001   0.00000   0.00000   0.00000   0.00000
2018  90 121  -2.91352   4.39996  -4.64539 -15.45811   1.78989   3.64381   0.30214  -0.48173  -0.26557   0.04472   0.09029   0.01306  -0.02238  -0.01061   0.00294   0.00406   0.00074  -0.00098  -0.00068   0.00006   0.00027   0.00008  -0.00006  -0.00005   0.00000   0.00002   0.00001   0.00000   0.00000   0.00000
2018 120 152  -7.60557   1.53267 -14.27179  -9.24090   7.78991   2.81492  -1.31657  -0.75676   0.20684   0.27857  -0.04439  -0.10735   0.00453   0.03823   0.00378  -0.01284  -0.00347   0.00416   0.00201  -0.00126  -0.00098   0.00032   0.00044  -0.00005  -0.00018  -0.00001   0.00007   0.00002  -0.00002  -0.00002
2018 151 182  -8.83037  -0.50383 -17.71055   1.75092   9.00170  -0.44278  -1.89875   0.12889   0.51740  -0.08798  -0.18986   0.04622   0.06958  -0.01948  -0.02471   0.00816   0.00894  -0.00356  -0.00334   0.00155   0.00126  -0.00067  -0.00048   0.00029   0.00018  -0.00013  -0.00007   0.00006   0.00002  -0.00004
2018 181 213  -6.64443  -1.97387 -11.63450  11.92492   6.40950  -3.66841  -1.10069   0.97254   0.05862  -0.34559   0.07803   0.12338  -0.05710  -0.03662   0.02843   0.00748  -0.01242   0.00018   0.00490  -0.00129  -0.00170   0.00094   0.00047  -0.00050  -0.00007   0.00023  -0.00002  -0.00009   0.00002   0.00004
2018 212 244  -0.52196  -2.45633   1.50618  16.44047  -1.26625  -4.28864   0.97627   0.51155  -0.45442   0.07124   0.12940  -0.08953  -0.01464   0.03800  -0.00873  -0.00917   0.00665   0.00010  -0.00242   0.00114   0.00039  -0.00062   0.00013   0.00017  -0.00013   0.00000   0.00005  -0.00002  -0.00001   0.00002
2018 243 274   4.94872  -2.72964  13.73025  11.25160  -6.87320  -1.74334   1.25435  -0.31304  -0.10745   0.13586  -0.04835  -0.00921   0.02240  -0.00829  -0.00245   0.00327  -0.00091  -0.00025   0.00032  -0.00018   0.00003   0.00005  -0.00004   0.00001   0.00001  -0.00001   0.00000   0.00000   0.00000   0.00000
2018 273 305   7.79955   0.24964  18.59777   0.13456  -9.74394   0.32232   0.76026  -0.28468   0.17361   0.07669  -0.02118  -0.00685  -0.00737   0.00025   0.00121  -0.00060   0.00014   0.00024   0.00007  -0.00005  -0.00005   0.00002   0.00000  -0.00001   0.00000   0.00000   0.00000   0.00000   0.00000   0.00000
2018 304 335   5.35491   3.00662  14.43947 -11.55488  -6.74381   1.84954   0.57171   0.20744   0.18642  -0.05029  -0.09302  -0.01875   0.01481   0.00696   0.00222   0.00083  -0.00100  -0.00105  -0.00014   0.00022   0.00011   0.00003   0.00001  -0.00002  -0.00002   0.00000   0.00000   0.00000   0.00000   0.00000
2018 334 366  -0.38361   2.46850   1.63399 -17.41291  -1.30096   3.85896   0.83787   0.01634  -0.27850  -0.25946   0.01261   0.10711   0.03029  -0.01735  -0.01592  -0.00501   0.00330   0.00431   0.00072  -0.00128  -0.00083  -0.00001   0.00029   0.00018  -0.00001  -0.00009  -0.00004   0.00001   0.00002   0.00001
2019   0  32  -6.98645   2.04756 -12.50678 -12.49114   6.48929   3.74401  -0.45142  -0.84684  -0.33339   0.20741   0.21144  -0.02962  -0.08302  -0.01322   0.02401   0.01382  -0.00442  -0.00719  -0.00049   0.00270   0.00104  -0.00072  -0.00067   0.00007   0.00030   0.00007  -0.00011  -0.00007   0.00003   0.00005
2019  31  60  -8.07941   2.61057 -18.98418  -5.04837   7.37798   1.89528  -0.90564  -0.70112   0.01806   0.24235   0.04315  -0.07021  -0.02777   0.01629   0.01291  -0.00262  -0.00502  -0.00011   0.00173   0.00039  -0.00054  -0.00025   0.00015   0.00012  -0.00003  -0.00005   0.00000   0.00002   0.00000  -0.00001
2019  59  91  -8.99824  -0.37741 -17.88345   3.10741  10.08827  -0.21645  -2.11936  -0.35757   0.45854   0.17796  -0.11991  -0.06287   0.03380   0.02200  -0.00969  -0.00788   0.00285   0.00276  -0.00092  -0.00096   0.00033   0.00035  -0.00013  -0.00014   0.00005   0.00006  -0.00002  -0.00003   0.00001   0.00001
2019  90 121  -5.70853  -3.87836 -11.93684  13.11265   6.17049  -3.42907  -1.36067   0.63244   0.27877  -0.12700  -0.03661   0.02894  -0.00394  -0.00823   0.00470   0.00232  -0.00212  -0.00040   0.00079  -0.00007  -0.00027   0.00011   0.00009  -0.00006  -0.00003   0.00003   0.00001  -0.00001   0.00000   0.00000
2019 120 152  -0.39433  -3.06041   0.49171  17.54038  -0.51430  -4.79932   0.52614   0.82156  -0.18268  -0.08283   0.01341  -0.02576   0.01438   0.01675  -0.00950  -0.00479   0.00351   0.00050  -0.00074   0.00029  -0.00004  -0.00019   0.00012   0.00006  -0.00006  -0.00001   0.00002   0.00000   0.00000   0.00000
2019 151 182   4.99121  -3.55300  13.37031  12.77246  -6.80789  -2.19268   1.45284  -0.05272  -0.18505  -0.01270  -0.02892   0.04424   0.01219  -0.02122   0.00102   0.00511  -0.00082  -0.00037  -0.00029  -0.00008   0.00034  -0.00003  -0.00013   0.00003   0.00002   0.00000   0.00000   0.00000   0.00000   0.00000
2019 181 213   8.16800   0.07356  19.48679   1.69153 -10.06442   0.42605   0.87652  -0.48933   0.00197   0.04545   0.07133   0.01620  -0.03452   0.00558   0.00727  -0.00439  -0.00129   0.00058   0.00058  -0.00005  -0.00029   0.00011   0.00009  -0.00005  -0.00002   0.00001   0.00001   0.00000   0.00000   0.00000
2019 212 244   5.74513   1.89599  14.07947 -13.28369  -7.07254   2.41203   0.21410   0.08703   0.25303   0.05568  -0.04957  -0.05157   0.00341   0.00430  -0.00129   0.00327   0.00153  -0.00088  -0.00060   0.00004   0.00001  -0.00003   0.00006   0.00003  -0.00002  -0.00001   0.00000   0.00000   0.00000   0.00000
2019 243 274  -0.35207   5.12288   0.52066 -18.16877  -0.65780   2.90223   0.40793   0.29307  -0.03518  -0.14182  -0.04220   0.01755   0.01417   0.00382  -0.00037  -0.00270  -0.00108   0.00056   0.00042   0.00007  -0.00004  -0.00008  -0.00003   0.00002   0.00002   0.00000   0.00000   0.00000   0.00000   0.00000
2019 273 305  -6.42792   2.36669 -13.23692 -14.33743   6.35147   3.46326   0.02192  -0.35629  -0.32346   0.02576   0.07796   0.00151  -0.01461  -0.00514   0.00276   0.00355  -0.00015  -0.00143  -0.00030   0.00037   0.00024  -0.00004  -0.00011  -0.00002   0.00003   0.00002  -0.00001  -0.00001   0.00000   0.00000
2019 304 335  -9.03243   0.89874 -20.56212  -2.52312   9.54793   1.45931  -1.11586  -0.58518   0.10885   0.12201  -0.05654  -0.02674   0.02208   0.01328  -0.00519  -0.00578   0.00096   0.00198  -0.00018  -0.00070   0.00000   0.00027   0.00003  -0.00010  -0.00002   0.00003   0.00001  -0.00001   0.00000   0.00001
2019 334 366  -7.70064  -1.50863 -16.22457  10.10035   9.10790  -2.18714  -2.01030   0.15639   0.37579  -0.10197  -0.04190   0.08147   0.00526  -0.03759  -0.00352   0.01288   0.00072  -0.00387   0.00059   0.00128  -0.00057  -0.00050   0.00030   0.00019  -0.00013  -0.00005   0.00005   0.00001  -0.00002   0.00000
