2008   0  32   0.932284   0.005760  -0.038244  -0.016710   0.016794   0.006167   0.000788  -0.001889  -0.001318   0.000389   0.000482  -0.000024  -0.000132  -0.000021   0.000027   0.000012  -0.000003  -0.000004  -0.000001   0.000001   0.000001   0.000000   0.000000   0.000000   0.000000   0.000000   0.000000   0.000000   0.000000   0.000000
2008  31  61   0.933391  -0.003255  -0.040977   0.006638   0.013872  -0.000220   0.000584  -0.000508  -0.000783   0.000227   0.000235  -0.000068  -0.000052   0.000014   0.000008  -0.000002  -0.000001   0.000000   0.000000   0.000000   0.000000   0.000000   0.000000   0.000000   0.000000   0.000000   0.000000   0.000000   0.000000   0.000000
2008  60  92   0.936827  -0.007492  -0.027890   0.029706   0.011452  -0.006080   0.002142   0.000160  -0.001429   0.000352   0.000335  -0.000187  -0.000039   0.000054  -0.000007  -0.000009   0.000005   0.000000  -0.000002   0.000001   0.000000   0.000000   0.000000   0.000000   0.000000   0.000000   0.000000   0.000000   0.000000   0.000000
2008  91 122   0.948183  -0.016891  -0.003036   0.043218  -0.002716  -0.005160   0.004457  -0.001569  -0.001143   0.000790  -0.000033  -0.000180   0.000085   0.000006  -0.000024   0.000011   0.000001  -0.000004   0.000001   0.000000  -0.000001   0.000000   0.000000   0.000000   0.000000   0.000000   0.000000   0.000000   0.000000   0.000000
2008 121 153   0.962370  -0.010423   0.027780   0.043073  -0.015381  -0.001942   0.004020  -0.003614  -0.000187   0.000868  -0.000359   0.000007   0.000103  -0.000055   0.000005   0.000013  -0.000009   0.000001   0.000002  -0.000001   0.000000   0.000000   0.000000   0.000000   0.000000   0.000000   0.000000   0.000000   0.000000   0.000000
2008 152 183   0.972046  -0.010750   0.051404   0.020754  -0.020517   0.003504   0.000114  -0.002928   0.000871   0.000158  -0.000148   0.000126  -0.000027  -0.000014   0.000015  -0.000006  -0.000001   0.000002  -0.000001   0.000000   0.000000   0.000000   0.000000   0.000000   0.000000   0.000000   0.000000   0.000000   0.000000   0.000000
2008 182 214   0.973497  -0.003097   0.050510  -0.006763  -0.020985   0.005526  -0.001707  -0.001608   0.001131   0.000070   0.000039   0.000034  -0.000062   0.000006   0.000004  -0.000004   0.000002   0.000000   0.000000   0.000000   0.000000   0.000000   0.000000   0.000000   0.000000   0.000000   0.000000   0.000000   0.000000   0.000000
2008 213 245   0.962260   0.001372   0.025762  -0.032313  -0.008220   0.007312  -0.002118  -0.000369   0.000790   0.000164  -0.000023  -0.000109  -0.000022   0.000023   0.000005  -0.000002  -0.000001   0.000000   0.000000   0.000000   0.000000   0.000000   0.000000   0.000000   0.000000   0.000000   0.000000   0.000000   0.000000   0.000000
2008 244 275   0.947619   0.006981  -0.007446  -0.033402   0.007733   0.006864  -0.003443  -0.000781   0.000923   0.000326  -0.000194  -0.000135   0.000036   0.000038  -0.000005  -0.000009   0.000000   0.000002   0.000000  -0.000001   0.000000   0.000000   0.000000   0.000000   0.000000   0.000000   0.000000   0.000000   0.000000   0.000000
2008 274 306   0.935760   0.000730  -0.033992  -0.019982   0.021652   0.003371  -0.006984   0.000104   0.002164  -0.000001  -0.000651  -0.000029   0.000192   0.000011  -0.000056  -0.000003   0.000017   0.000001  -0.000005   0.000000   0.000002   0.000000   0.000000   0.000000   0.000000   0.000000   0.000000   0.000000   0.000000   0.000000
2008 305 336   0.931077  -0.003519  -0.048184   0.004341   0.025876  -0.005586  -0.007289   0.003017   0.002036  -0.001083  -0.000530   0.000366   0.000126  -0.000124  -0.000027   0.000041   0.000004  -0.000013   0.000000   0.000004   0.000000  -0.000001   0.000000   0.000000   0.000000   0.000000   0.000000   0.000000   0.000000   0.000000
2008 335 367   0.932727  -0.007899  -0.041663   0.027343   0.021665  -0.013930  -0.004240   0.005815   0.000410  -0.001914   0.000216   0.000552  -0.000181  -0.000142   0.000088   0.000029  -0.000035  -0.000003   0.000012  -0.000002  -0.000004   0.000001   0.000001  -0.000001   0.000000   0.000000   0.000000   0.000000   0.000000   0.000000
2009   0  32   0.943622  -0.010022  -0.017472   0.042958   0.004212  -0.016420   0.003243   0.004573  -0.002181  -0.000730   0.000846  -0.000072  -0.000243   0.000103   0.000045  -0.000047   0.000001   0.000015  -0.000005  -0.000003   0.000003   0.000000  -0.000001   0.000000   0.000000   0.000000   0.000000   0.000000   0.000000   0.000000
2009  31  60   0.952746  -0.018954   0.002312   0.037461  -0.005886  -0.011080   0.003621   0.001833  -0.001300   0.000035   0.000317  -0.000133  -0.000043   0.000049  -0.000005  -0.000011   0.000005   0.000001  -0.000002   0.000000   0.000000   0.000000   0.000000   0.000000   0.000000   0.000000   0.000000   0.000000   0.000000   0.000000
2009  59  91   0.960964  -0.002422   0.020041   0.027971  -0.014026  -0.010760   0.003813   0.002211  -0.001001  -0.000022   0.000253  -0.000147  -0.000044   0.000052  -0.000002  -0.000010   0.000005   0.000001  -0.000002   0.000000   0.000000   0.000000   0.000000   0.000000   0.000000   0.000000   0.000000   0.000000   0.000000   0.000000
2009  90 121   0.967529   0.002889   0.036918   0.002479  -0.021292  -0.004606   0.004000   0.001595  -0.000254  -0.000048  -0.000083  -0.000093   0.000021   0.000024   0.000000  -0.000001   0.000000  -0.000001   0.000000   0.000000   0.000000   0.000000   0.000000   0.000000   0.000000   0.000000   0.000000   0.000000   0.000000   0.000000
2009 120 152   0.964889   0.007522   0.029500  -0.027019  -0.021344   0.002171   0.006407   0.002043  -0.000873  -0.000675  -0.000201   0.000055   0.000112   0.000033  -0.000015  -0.000014  -0.000004   0.000002   0.000002   0.000001   0.000000   0.000000   0.000000   0.000000   0.000000   0.000000   0.000000   0.000000   0.000000   0.000000
2009 151 182   0.954234   0.016492   0.007452  -0.043086  -0.011208   0.008350   0.007013   0.000373  -0.001896  -0.000752   0.000125   0.000268   0.000093  -0.000038  -0.000043  -0.000008   0.000009   0.000006   0.000000  -0.000002  -0.000001   0.000000   0.000000   0.000000   0.000000   0.000000   0.000000   0.000000   0.000000   0.000000
2009 181 213   0.941777   0.012016  -0.019940  -0.043882   0.004680   0.014226   0.004703  -0.003171  -0.002616   0.000201   0.000795   0.000224  -0.000157  -0.000127   0.000003   0.000041   0.000014  -0.000008  -0.000007   0.000000   0.000002   0.000001   0.000000   0.000000   0.000000   0.000000   0.000000   0.000000   0.000000   0.000000
2009 212 244   0.932280   0.007976  -0.041097  -0.022933   0.020166   0.011623  -0.002164  -0.004807  -0.000386   0.001463   0.000387  -0.000355  -0.000192   0.000065   0.000074  -0.000003  -0.000024  -0.000005   0.000007   0.000003  -0.000001  -0.000001   0.000000   0.000000   0.000000   0.000000   0.000000   0.000000   0.000000   0.000000
2009 243 274   0.932625   0.001466  -0.042714   0.002334   0.021545   0.003860  -0.004505  -0.002589   0.000997   0.000896  -0.000225  -0.000271   0.000038   0.000079  -0.000001  -0.000022  -0.000003   0.000006   0.000002  -0.000002  -0.000001   0.000000   0.000000   0.000000   0.000000   0.000000   0.000000   0.000000   0.000000   0.000000
2009 273 305   0.939563  -0.002421  -0.023704   0.026378   0.015176  -0.003221  -0.003758  -0.000960   0.001047   0.000333  -0.000356  -0.000069   0.000105   0.000015  -0.000026  -0.000004   0.000006   0.000001  -0.000002   0.000000   0.000000   0.000000   0.000000   0.000000   0.000000   0.000000   0.000000   0.000000   0.000000   0.000000
2009 304 335   0.952471  -0.009448   0.006359   0.036338   0.001210  -0.003940  -0.001679  -0.001008   0.000662   0.000121  -0.000219   0.000045   0.000046  -0.000016  -0.000005   0.000002   0.000000   0.000000   0.000000   0.000000   0.000000   0.000000   0.000000   0.000000   0.000000   0.000000   0.000000   0.000000   0.000000   0.000000
2009 334 366   0.967304  -0.003083   0.039311   0.032319  -0.012996  -0.003137  -0.002325  -0.001624   0.001144   0.000077  -0.000143   0.000124  -0.000002  -0.000018   0.000004  -0.000003   0.000000   0.000001  -0.000001   0.000000   0.000000   0.000000   0.000000   0.000000   0.000000   0.000000   0.000000   0.000000   0.000000   0.000000
2010   0  32   0.976986   0.001371   0.060758   0.004133  -0.021688  -0.002177  -0.004000   0.000437   0.001620  -0.000016   0.000075   0.000006  -0.000058  -0.000007  -0.000007   0.000001   0.000003   0.000000   0.000000   0.000000   0.000000   0.000000   0.000000   0.000000   0.000000   0.000000   0.000000   0.000000   0.000000   0.000000
2010  31  60   0.972248   0.006884   0.063630  -0.009591  -0.012319  -0.000733  -0.003421   0.000551   0.000706   0.000060   0.000057  -0.000024  -0.000011  -0.000004  -0.000004   0.000001   0.000001   0.000000   0.000000   0.000000   0.000000   0.000000   0.000000   0.000000   0.000000   0.000000   0.000000   0.000000   0.000000   0.000000
2010  59  91   0.971462   0.001814   0.048049  -0.025975  -0.016817   0.002796  -0.002835   0.001273   0.001304  -0.000030  -0.000059  -0.000115  -0.000025   0.000013   0.000001   0.000004   0.000001   0.000000   0.000000   0.000000   0.000000   0.000000   0.000000   0.000000   0.000000   0.000000   0.000000   0.000000   0.000000   0.000000
2010  90 121   0.957409   0.009195   0.017803  -0.036595  -0.003480   0.003835  -0.001444   0.001120   0.000658  -0.000089  -0.000180  -0.000067   0.000029   0.000017   0.000000  -0.000001   0.000000   0.000000   0.000000   0.000000   0.000000   0.000000   0.000000   0.000000   0.000000   0.000000   0.000000   0.000000   0.000000   0.000000
2010 120 152   0.943431   0.003489  -0.015009  -0.032190   0.010747   0.004715  -0.002778   0.000714   0.000801  -0.000224  -0.000296   0.000018   0.000088   0.000003  -0.000020  -0.000001   0.000004   0.000000  -0.000001   0.000000   0.000000   0.000000   0.000000   0.000000   0.000000   0.000000   0.000000   0.000000   0.000000   0.000000
2010 151 182   0.934102   0.001315  -0.038912  -0.010669   0.020015  -0.001196  -0.004266   0.001796   0.001025  -0.000637  -0.000279   0.000189   0.000068  -0.000054  -0.000014   0.000016   0.000002  -0.000005   0.000000   0.000001   0.000000   0.000000   0.000000   0.000000   0.000000   0.000000   0.000000   0.000000   0.000000   0.000000
2010 181 213   0.931301  -0.006349  -0.043024   0.015049   0.022027  -0.009176  -0.003248   0.004247   0.000148  -0.001391   0.000168   0.000383  -0.000117  -0.000091   0.000053   0.000017  -0.000020  -0.000001   0.000006  -0.000001  -0.000002   0.000001   0.000000   0.000000   0.000000   0.000000   0.000000   0.000000   0.000000   0.000000
2010 212 244   0.938410  -0.011687  -0.027114   0.040367   0.009178  -0.014193   0.003339   0.003795  -0.002336  -0.000544   0.000825  -0.000106  -0.000211   0.000104   0.000030  -0.000043   0.000005   0.000012  -0.000005  -0.000002   0.000002   0.000000  -0.000001   0.000000   0.000000   0.000000   0.000000   0.000000   0.000000   0.000000
2010 243 274   0.950226  -0.017734  -0.001535   0.045490  -0.007263  -0.010161   0.006964   0.000389  -0.002249   0.000658   0.000295  -0.000316   0.000057   0.000070  -0.000047  -0.000001   0.000014  -0.000006  -0.000002   0.000002  -0.000001   0.000000   0.000000   0.000000   0.000000   0.000000   0.000000   0.000000   0.000000   0.000000
2010 273 305   0.962092  -0.009552   0.023398   0.035084  -0.019129  -0.004660   0.007402  -0.001710  -0.001571   0.000894   0.000068  -0.000345   0.000061   0.000234  -0.000133  -0.000161   0.000231   0.000009  -0.000240   0.000160   0.000127  -0.000251   0.000052   0.000213  -0.000205  -0.000066   0.000253  -0.000115  -0.000170   0.000237
2010 304 335   0.967512  -0.006036   0.037261   0.007232  -0.022375   0.002962   0.004627  -0.001834  -0.000262   0.000190  -0.000158   0.000076   0.000040  -0.000029   0.000001   0.000003  -0.000002   0.000001   0.000000   0.000000   0.000000   0.000000   0.000000   0.000000   0.000000   0.000000   0.000000   0.000000   0.000000   0.000000
2010 334 366   0.963919   0.000927   0.026634  -0.020677  -0.018173   0.008942   0.004397  -0.001933  -0.000812  -0.000047   0.000121   0.000157  -0.000009  -0.000045  -0.000006   0.000005   0.000004   0.000001  -0.000001   0.000000   0.000000   0.000000   0.000000   0.000000   0.000000   0.000000   0.000000   0.000000   0.000000   0.000000
2011   0  32   0.951013   0.005300  -0.001789  -0.038318  -0.001363   0.014791   0.001657  -0.003874  -0.001156   0.000646   0.000538  -0.000005  -0.000174  -0.000046   0.000039   0.000023  -0.000004  -0.000008  -0.000001   0.000002   0.000001   0.000000   0.000000   0.000000   0.000000   0.000000   0.000000   0.000000   0.000000   0.000000
2011  31  60   0.943611   0.019769  -0.022833  -0.038460   0.006110   0.013709   0.000952  -0.003626  -0.001074   0.000664   0.000476  -0.000047  -0.000149  -0.000027   0.000035   0.000017  -0.000005  -0.000006   0.000000   0.000002   0.000001   0.000000   0.000000   0.000000   0.000000   0.000000   0.000000   0.000000   0.000000   0.000000
2011  59  91   0.935098   0.008969  -0.036441  -0.033684   0.017466   0.015497  -0.002020  -0.005866  -0.000519   0.001725   0.000529  -0.000404  -0.000266   0.000066   0.000103   0.000002  -0.000033  -0.000009   0.000009   0.000005  -0.000002  -0.000002   0.000000   0.000001   0.000000   0.000000   0.000000   0.000000   0.000000   0.000000
2011  90 121   0.931025   0.005869  -0.048453  -0.012222   0.025047   0.008274  -0.006392  -0.003893   0.001560   0.001368  -0.000317  -0.000446   0.000039   0.000142   0.000007  -0.000044  -0.000008   0.000013   0.000004  -0.000003  -0.000002   0.000001   0.000001   0.000000   0.000000   0.000000   0.000000   0.000000   0.000000   0.000000
2011 120 152   0.933238   0.000398  -0.039899   0.013245   0.024460  -0.001180  -0.007608  -0.000794   0.002365   0.000281  -0.000720  -0.000080   0.000216   0.000027  -0.000064  -0.000010   0.000019   0.000004  -0.000006  -0.000001   0.000002   0.000000  -0.000001   0.000000   0.000000   0.000000   0.000000   0.000000   0.000000   0.000000
2011 151 182   0.943519  -0.006403  -0.017614   0.030712   0.012222  -0.006587  -0.004263   0.000914   0.001159  -0.000356  -0.000279   0.000141   0.000063  -0.000043  -0.000013   0.000012   0.000003  -0.000003  -0.000001   0.000001   0.000000   0.000000   0.000000   0.000000   0.000000   0.000000   0.000000   0.000000   0.000000   0.000000
2011 181 213   0.957781  -0.001999   0.015485   0.035014  -0.003568  -0.008180  -0.002207   0.000674   0.000702  -0.000246  -0.000045   0.000126  -0.000013  -0.000030   0.000006   0.000004  -0.000002  -0.000001   0.000001   0.000000   0.000000   0.000000   0.000000   0.000000   0.000000   0.000000   0.000000   0.000000   0.000000   0.000000
2011 212 244   0.971395   0.002101   0.045532   0.014865  -0.018679  -0.006485  -0.001662   0.001282   0.000978  -0.000080   0.000061   0.000004  -0.000058  -0.000009   0.000004   0.000002   0.000001   0.000000   0.000000   0.000000   0.000000   0.000000   0.000000   0.000000   0.000000   0.000000   0.000000   0.000000   0.000000   0.000000
2011 243 274   0.973263   0.008837   0.054011  -0.012652  -0.020804  -0.004493  -0.000635   0.002566   0.000943  -0.000071  -0.000069  -0.000110  -0.000042   0.000005   0.000011   0.000006   0.000001  -0.000001  -0.000001   0.000000   0.000000   0.000000   0.000000   0.000000   0.000000   0.000000   0.000000   0.000000   0.000000   0.000000
2011 273 305   0.966131   0.010033   0.036141  -0.038615  -0.018661  -0.000036   0.003157   0.003982   0.000279  -0.000715  -0.000384  -0.000092   0.000065   0.000059   0.000019  -0.000006  -0.000009  -0.000003   0.000000   0.000001   0.000001   0.000000   0.000000   0.000000   0.000000   0.000000   0.000000   0.000000   0.000000   0.000000
2011 304 335   0.952393   0.017901   0.007331  -0.044327  -0.007140   0.003572   0.004625   0.002408  -0.000817  -0.000863  -0.000181   0.000123   0.000104   0.000021  -0.000015  -0.000015  -0.000003   0.000003   0.000002   0.000000   0.000000   0.000000   0.000000   0.000000   0.000000   0.000000   0.000000   0.000000   0.000000   0.000000
2011 334 366   0.940000   0.009296  -0.020474  -0.036246   0.007319   0.006436   0.003206   0.000410  -0.001534  -0.000588   0.000250   0.000237   0.000011  -0.000052  -0.000021   0.000003   0.000007   0.000002  -0.000001  -0.000001   0.000000   0.000000   0.000000   0.000000   0.000000   0.000000   0.000000   0.000000   0.000000   0.000000
2012   0  32   0.932107   0.002321  -0.038356  -0.008509   0.017248   0.002021   0.000457  -0.000248  -0.001113  -0.000039   0.000385   0.000045  -0.000098  -0.000018   0.000018   0.000005  -0.000001  -0.000001   0.000000   0.000000   0.000000   0.000000   0.000000   0.000000   0.000000   0.000000   0.000000   0.000000   0.000000   0.000000
2012  31  61   0.933965  -0.008126  -0.039698   0.014845   0.012655  -0.004000   0.001257   0.000772  -0.001039  -0.000052   0.000306  -0.000036  -0.000064   0.000019   0.000008  -0.000006   0.000000   0.000001  -0.000001   0.000000   0.000000   0.000000   0.000000   0.000000   0.000000   0.000000   0.000000   0.000000   0.000000   0.000000
2012  60  92   0.938013  -0.010335  -0.025735   0.036083   0.008934  -0.009187   0.003637   0.001220  -0.002057   0.000190   0.000521  -0.000213  -0.000071   0.000080  -0.000011  -0.000018   0.000010   0.000001  -0.000004   0.000001   0.000001  -0.000001   0.000000   0.000000   0.000000   0.000000   0.000000   0.000000   0.000000   0.000000
2012  91 122   0.949681  -0.018777  -0.000184   0.045882  -0.006017  -0.006422   0.006056  -0.001370  -0.001604   0.000890   0.000022  -0.000235   0.000105   0.000014  -0.000036   0.000014   0.000004  -0.000006   0.000002   0.000001  -0.000001   0.000000   0.000000   0.000000   0.000000   0.000000   0.000000   0.000000   0.000000   0.000000
2012 121 153   0.963091  -0.011111   0.028546   0.041459  -0.017877  -0.001980   0.005345  -0.003569  -0.000500   0.000955  -0.000348  -0.000021   0.000123  -0.000061  -0.000001   0.000018  -0.000010   0.000000   0.000003  -0.000001   0.000000   0.000000   0.000000   0.000000   0.000000   0.000000   0.000000   0.000000   0.000000   0.000000
2012 152 183   0.971139  -0.010184   0.048162   0.016459  -0.021438   0.004074   0.001330  -0.002897   0.000613   0.000204  -0.000152   0.000119  -0.000018  -0.000022   0.000015  -0.000004  -0.000001   0.000002  -0.000001   0.000000   0.000000   0.000000   0.000000   0.000000   0.000000   0.000000   0.000000   0.000000   0.000000   0.000000
2012 182 214   0.970452  -0.002723   0.042679  -0.011251  -0.019527   0.007125  -0.000229  -0.001954   0.000671   0.000111   0.000052   0.000046  -0.000059  -0.000003   0.000008  -0.000002   0.000001   0.000000   0.000000   0.000000   0.000000   0.000000   0.000000   0.000000   0.000000   0.000000   0.000000   0.000000   0.000000   0.000000
2012 213 245   0.958172   0.001552   0.015542  -0.033361  -0.004562   0.009744  -0.001717  -0.001603   0.000459   0.000382   0.000073  -0.000118  -0.000051   0.000025   0.000014  -0.000002  -0.000004   0.000000   0.000001   0.000000   0.000000   0.000000   0.000000   0.000000   0.000000   0.000000   0.000000   0.000000   0.000000   0.000000
2012 244 275   0.944253   0.006477  -0.016679  -0.031827   0.011759   0.008760  -0.004310  -0.002008   0.001050   0.000677  -0.000179  -0.000226   0.000021   0.000065   0.000001  -0.000017  -0.000002   0.000005   0.000001  -0.000001   0.000000   0.000000   0.000000   0.000000   0.000000   0.000000   0.000000   0.000000   0.000000   0.000000
2012 274 306   0.933710   0.000689  -0.039511  -0.016405   0.024960   0.003880  -0.008576  -0.000659   0.002750   0.000281  -0.000829  -0.000123   0.000252   0.000045  -0.000078  -0.000015   0.000024   0.000005  -0.000008  -0.000002   0.000002   0.000001  -0.000001   0.000000   0.000000   0.000000   0.000000   0.000000   0.000000   0.000000
2012 305 336   0.930976  -0.003609  -0.049212   0.007477   0.027309  -0.005646  -0.008517   0.002778   0.002540  -0.001031  -0.000703   0.000368   0.000189  -0.000132  -0.000049   0.000046   0.000012  -0.000016  -0.000003   0.000005   0.000000  -0.000002   0.000000   0.000001   0.000000   0.000000   0.000000   0.000000   0.000000   0.000000
2012 335 367   0.934482  -0.006509  -0.038336   0.028715   0.021036  -0.013758  -0.005152   0.005529   0.000871  -0.001868   0.000054   0.000574  -0.000126  -0.000164   0.000071   0.000041  -0.000031  -0.000008   0.000012   0.000001  -0.000004   0.000001   0.000001   0.000000   0.000000   0.000000   0.000000   0.000000   0.000000   0.000000
2013   0  32   0.946762  -0.007316  -0.011133   0.040433   0.002565  -0.015845   0.001985   0.004459  -0.001555  -0.000812   0.000689   0.000014  -0.000223   0.000062   0.000052  -0.000033  -0.000006   0.000012  -0.000002  -0.000003   0.000002   0.000001  -0.000001   0.000000   0.000000   0.000000   0.000000   0.000000   0.000000   0.000000
2013  31  60   0.955910  -0.014186   0.011075   0.033071  -0.006405  -0.010256   0.002144   0.001811  -0.000825  -0.000075   0.000252  -0.000069  -0.000049   0.000030   0.000003  -0.000008   0.000002   0.000001  -0.000001   0.000000   0.000000   0.000000   0.000000   0.000000   0.000000   0.000000   0.000000   0.000000   0.000000   0.000000
2013  59  91   0.964748   0.000462   0.028999   0.021131  -0.015999  -0.009684   0.001966   0.002297  -0.000247  -0.000124   0.000163  -0.000084  -0.000058   0.000027   0.000008  -0.000005   0.000001   0.000001  -0.000001   0.000000   0.000000   0.000000   0.000000   0.000000   0.000000   0.000000   0.000000   0.000000   0.000000   0.000000
2013  90 121   0.969327   0.006812   0.042359  -0.005559  -0.021562  -0.004847   0.002745   0.002343   0.000153  -0.000148  -0.000103  -0.000105  -0.000004   0.000026   0.000009   0.000000  -0.000001  -0.000001   0.000000   0.000000   0.000000   0.000000   0.000000   0.000000   0.000000   0.000000   0.000000   0.000000   0.000000   0.000000
2013 120 152   0.964677   0.009834   0.030395  -0.034086  -0.020636   0.001679   0.006074   0.002998  -0.000686  -0.000842  -0.000286   0.000027   0.000119   0.000053  -0.000007  -0.000018  -0.000007   0.000001   0.000002   0.000001   0.000000   0.000000   0.000000   0.000000   0.000000   0.000000   0.000000   0.000000   0.000000   0.000000
2013 151 182   0.952764   0.018564   0.005337  -0.045973  -0.009880   0.007486   0.007006   0.001007  -0.001835  -0.000884   0.000057   0.000262   0.000114  -0.000023  -0.000044  -0.000014   0.000006   0.000007   0.000001  -0.000001  -0.000001   0.000000   0.000000   0.000000   0.000000   0.000000   0.000000   0.000000   0.000000   0.000000
2013 181 213   0.940367   0.012231  -0.022042  -0.042797   0.006024   0.012655   0.004675  -0.002413  -0.002539   0.000005   0.000705   0.000244  -0.000115  -0.000115  -0.000009   0.000032   0.000015  -0.000004  -0.000006  -0.000001   0.000002   0.000001   0.000000   0.000000   0.000000   0.000000   0.000000   0.000000   0.000000   0.000000
2013 212 244   0.931882   0.006953  -0.040994  -0.018307   0.019670   0.009291  -0.001310  -0.003815  -0.000648   0.001114   0.000394  -0.000247  -0.000162   0.000035   0.000054   0.000003  -0.000015  -0.000005   0.000004   0.000002  -0.000001  -0.000001   0.000000   0.000000   0.000000   0.000000   0.000000   0.000000   0.000000   0.000000
2013 243 274   0.933469  -0.001051  -0.039491   0.008259   0.018682   0.001925  -0.002638  -0.001991   0.000350   0.000705  -0.000069  -0.000201   0.000007   0.000051   0.000003  -0.000012  -0.000003   0.000003   0.000001  -0.000001   0.000000   0.000000   0.000000   0.000000   0.000000   0.000000   0.000000   0.000000   0.000000   0.000000
2013 273 305   0.941699  -0.004599  -0.017754   0.031788   0.010690  -0.003722  -0.001295  -0.001286   0.000259   0.000496  -0.000194  -0.000111   0.000072   0.000017  -0.000016  -0.000002   0.000002   0.000000   0.000000   0.000000   0.000000   0.000000   0.000000   0.000000   0.000000   0.000000   0.000000   0.000000   0.000000   0.000000
2013 304 335   0.955131  -0.012097   0.013723   0.038986  -0.003414  -0.002512  -0.000064  -0.001961   0.000421   0.000343  -0.000237   0.000023   0.000048  -0.000017   0.000000   0.000002  -0.000002   0.000001   0.000000   0.000000   0.000000   0.000000   0.000000   0.000000   0.000000   0.000000   0.000000   0.000000   0.000000   0.000000
2013 334 366   0.969667  -0.005011   0.044982   0.032233  -0.016364  -0.000816  -0.001624  -0.002646   0.001181   0.000184  -0.000190   0.000141  -0.000008  -0.000017   0.000010  -0.000007   0.000000   0.000002  -0.000001   0.000000   0.000000   0.000000   0.000000   0.000000   0.000000   0.000000   0.000000   0.000000   0.000000   0.000000
2014   0  32   0.977652  -0.000575   0.062239   0.001636  -0.022141   0.000375  -0.004157  -0.000280   0.001662  -0.000002   0.000082   0.000014  -0.000059   0.000002  -0.000008  -0.000001   0.000004   0.000000   0.000000   0.000000   0.000000   0.000000   0.000000   0.000000   0.000000   0.000000   0.000000   0.000000   0.000000   0.000000
2014  31  60   0.971044   0.005236   0.059507  -0.012816  -0.011449   0.001484  -0.003221   0.000134   0.000639   0.000060   0.000059  -0.000028  -0.000011   0.000001  -0.000003   0.000000   0.000000   0.000000   0.000000   0.000000   0.000000   0.000000   0.000000   0.000000   0.000000   0.000000   0.000000   0.000000   0.000000   0.000000
2014  59  91   0.968095   0.000517   0.039643  -0.027575  -0.013624   0.005546  -0.002633   0.000188   0.001077   0.000067  -0.000015  -0.000101  -0.000028   0.000018   0.000002   0.000001   0.000000   0.000000   0.000000   0.000000   0.000000   0.000000   0.000000   0.000000   0.000000   0.000000   0.000000   0.000000   0.000000   0.000000
2014  90 121   0.953564   0.007441   0.007506  -0.035358   0.001299   0.006064  -0.002448  -0.000086   0.000725   0.000160  -0.000139  -0.000102   0.000021   0.000025  -0.000001  -0.000004   0.000000   0.000001   0.000000   0.000000   0.000000   0.000000   0.000000   0.000000   0.000000   0.000000   0.000000   0.000000   0.000000   0.000000
2014 120 152   0.940112   0.002024  -0.023609  -0.027616   0.015976   0.005123  -0.005026  -0.000074   0.001482   0.000061  -0.000440  -0.000060   0.000123   0.000022  -0.000032  -0.000007   0.000008   0.000002  -0.000002  -0.000001   0.000001   0.000000   0.000000   0.000000   0.000000   0.000000   0.000000   0.000000   0.000000   0.000000
2014 151 182   0.932454  -0.000820  -0.044215  -0.004913   0.023740  -0.002430  -0.006312   0.001999   0.001749  -0.000709  -0.000482   0.000227   0.000125  -0.000074  -0.000031   0.000024   0.000007  -0.000008  -0.000002   0.000002   0.000000  -0.000001   0.000000   0.000000   0.000000   0.000000   0.000000   0.000000   0.000000   0.000000
2014 181 213   0.931352  -0.007127  -0.044144   0.020299   0.023245  -0.011205  -0.004468   0.004986   0.000588  -0.001679   0.000081   0.000495  -0.000114  -0.000133   0.000061   0.000031  -0.000025  -0.000005   0.000009   0.000000  -0.000003   0.000001   0.000001   0.000000   0.000000   0.000000   0.000000   0.000000   0.000000   0.000000
2014 212 244   0.940102  -0.011304  -0.024562   0.042305   0.007996  -0.015731   0.002989   0.004472  -0.002229  -0.000761   0.000860  -0.000053  -0.000248   0.000098   0.000047  -0.000046   0.000000   0.000015  -0.000005  -0.000003   0.000003   0.000000  -0.000001   0.000000   0.000000   0.000000   0.000000   0.000000   0.000000   0.000000
2014 243 274   0.952352  -0.015481   0.002257   0.042951  -0.008744  -0.010943   0.006557   0.001007  -0.002130   0.000471   0.000335  -0.000288   0.000026   0.000076  -0.000038  -0.000007   0.000014  -0.000004  -0.000002   0.000002   0.000000  -0.000001   0.000000   0.000000   0.000000   0.000000   0.000000   0.000000   0.000000   0.000000
2014 273 305   0.963078  -0.006681   0.025082   0.027511  -0.020235  -0.004932   0.007019  -0.000781  -0.001292   0.000589  -0.000078  -0.000146   0.000110   0.000002  -0.000029   0.000011   0.000002  -0.000004   0.000002   0.000000  -0.000001   0.000000   0.000000   0.000000   0.000000   0.000000   0.000000   0.000000   0.000000   0.000000
2014 304 335   0.966637  -0.001341   0.034521  -0.001471  -0.022353   0.002274   0.005337  -0.000756  -0.000524   0.000008  -0.000133   0.000054   0.000057  -0.000015  -0.000007   0.000001  -0.000001   0.000001   0.000001   0.000000   0.000000   0.000000   0.000000   0.000000   0.000000   0.000000   0.000000   0.000000   0.000000   0.000000
2014 334 366   0.961040   0.004314   0.020111  -0.028461  -0.016745   0.009201   0.005969  -0.001253  -0.001441  -0.000284   0.000167   0.000213   0.000029  -0.000055  -0.000024   0.000004   0.000008   0.000002  -0.000001  -0.000001   0.000000   0.000000   0.000000   0.000000   0.000000   0.000000   0.000000   0.000000   0.000000   0.000000
2015   0  32   0.947373   0.007975  -0.009711  -0.041301   0.000852   0.015728   0.003015  -0.004179  -0.001861   0.000626   0.000721   0.000069  -0.000205  -0.000087   0.000038   0.000038   0.000000  -0.000011  -0.000004   0.000002   0.000002   0.000000  -0.000001   0.000000   0.000000   0.000000   0.000000   0.000000   0.000000   0.000000
2015  31  60   0.941319   0.021517  -0.028278  -0.038476   0.006544   0.013787   0.001880  -0.003631  -0.001421   0.000594   0.000552   0.000004  -0.000157  -0.000048   0.000032   0.000023  -0.000002  -0.000007  -0.000001   0.000002   0.000001   0.000000   0.000000   0.000000   0.000000   0.000000   0.000000   0.000000   0.000000   0.000000
2015  59  91   0.933753   0.009586  -0.038264  -0.030894   0.017633   0.014361  -0.001073  -0.005481  -0.000902   0.001548   0.000607  -0.000322  -0.000268   0.000033   0.000094   0.000013  -0.000027  -0.000011   0.000006   0.000005  -0.000001  -0.000002   0.000000   0.000001   0.000000   0.000000   0.000000   0.000000   0.000000   0.000000
2015  90 121   0.931479   0.004809  -0.046073  -0.007468   0.022867   0.007009  -0.004876  -0.003549   0.001006   0.001209  -0.000164  -0.000369  -0.000001   0.000108   0.000016  -0.000030  -0.000009   0.000008   0.000004  -0.000002  -0.000001   0.000000   0.000001   0.000000   0.000000   0.000000   0.000000   0.000000   0.000000   0.000000
2015 120 152   0.935629  -0.000548  -0.033393   0.018163   0.020253  -0.001587  -0.005435  -0.001100   0.001563   0.000401  -0.000480  -0.000110   0.000139   0.000033  -0.000037  -0.000011   0.000010   0.000004  -0.000003  -0.000001   0.000001   0.000000   0.000000   0.000000   0.000000   0.000000   0.000000   0.000000   0.000000   0.000000
2015 151 182   0.947137  -0.007831  -0.007787   0.033384   0.007230  -0.005136  -0.002687  -0.000168   0.000801  -0.000031  -0.000233   0.000058   0.000056  -0.000019  -0.000010   0.000005   0.000002  -0.000001   0.000000   0.000000   0.000000   0.000000   0.000000   0.000000   0.000000   0.000000   0.000000   0.000000   0.000000   0.000000
2015 181 213   0.962026  -0.002577   0.025974   0.034883  -0.008001  -0.005651  -0.001922  -0.000683   0.000856   0.000005  -0.000126   0.000106   0.000008  -0.000024   0.000002   0.000001  -0.000001   0.000000   0.000000   0.000000   0.000000   0.000000   0.000000   0.000000   0.000000   0.000000   0.000000   0.000000   0.000000   0.000000
2015 212 244   0.974508   0.001755   0.053585   0.011096  -0.020498  -0.004288  -0.002854   0.000646   0.001358  -0.000035   0.000049   0.000021  -0.000056  -0.000011  -0.000002   0.000001   0.000002   0.000000   0.000000   0.000000   0.000000   0.000000   0.000000   0.000000   0.000000   0.000000   0.000000   0.000000   0.000000   0.000000
2015 243 274   0.974102   0.008585   0.057283  -0.016410  -0.019831  -0.003281  -0.001818   0.002352   0.001130  -0.000034  -0.000051  -0.000104  -0.000041  -0.000001   0.000007   0.000007   0.000001   0.000000  -0.000001   0.000000   0.000000   0.000000   0.000000   0.000000   0.000000   0.000000   0.000000   0.000000   0.000000   0.000000
2015 273 305   0.965378   0.008880   0.035307  -0.039657  -0.015938   0.000540   0.001697   0.003691   0.000520  -0.000597  -0.000351  -0.000096   0.000049   0.000045   0.000017  -0.000002  -0.000007  -0.000003   0.000000   0.000001   0.000000   0.000000   0.000000   0.000000   0.000000   0.000000   0.000000   0.000000   0.000000   0.000000
2015 304 335   0.950972   0.015645   0.004234  -0.041687  -0.003386   0.003046   0.002763   0.002230  -0.000401  -0.000698  -0.000183   0.000087   0.000077   0.000014  -0.000008  -0.000008  -0.000003   0.000001   0.000001   0.000000   0.000000   0.000000   0.000000   0.000000   0.000000   0.000000   0.000000   0.000000   0.000000   0.000000
2015 334 366   0.938837   0.006452  -0.023288  -0.030441   0.010637   0.004086   0.001074   0.001030  -0.000773  -0.000604   0.000089   0.000194   0.000018  -0.000039  -0.000011   0.000003   0.000002   0.000001   0.000000   0.000000   0.000000   0.000000   0.000000   0.000000   0.000000   0.000000   0.000000   0.000000   0.000000   0.000000
2016   0  32   0.931871  -0.000869  -0.039149  -0.001179   0.018160  -0.001868  -0.000223   0.001339  -0.000854  -0.000463   0.000324   0.000121  -0.000093  -0.000022   0.000022   0.000001  -0.000004   0.000001   0.000001  -0.000001  -0.000000   0.000000  -0.000000  -0.000000   0.000000   0.000000  -0.000000  -0.000000   0.000000  -0.000000
2016  31  61   0.934354  -0.011768  -0.039272   0.021448   0.012117  -0.007404   0.001571   0.001975  -0.001249  -0.000312   0.000404  -0.000012  -0.000096   0.000029   0.000015  -0.000012  -0.000000   0.000003  -0.000001  -0.000001   0.000000   0.000000  -0.000000   0.000000   0.000000  -0.000000  -0.000000   0.000000  -0.000000  -0.000000
2016  60  92   0.938919  -0.011839  -0.024481   0.040145   0.007316  -0.011824   0.004456   0.002242  -0.002481   0.000011   0.000690  -0.000235  -0.000113   0.000109  -0.000008  -0.000030   0.000014   0.000004  -0.000006   0.000001   0.000001  -0.000001  -0.000000   0.000000  -0.000000  -0.000000   0.000000   0.000000  -0.000000   0.000000
2016  91 122   0.950906  -0.018775   0.001512   0.046283  -0.008132  -0.007730   0.006940  -0.000913  -0.001917   0.000894   0.000090  -0.000280   0.000110   0.000029  -0.000046   0.000013   0.000008  -0.000007   0.000001   0.000002  -0.000001   0.000000   0.000000  -0.000000  -0.000000   0.000000  -0.000000  -0.000000   0.000000  -0.000000
2016 121 153   0.963511  -0.010277   0.028052   0.037504  -0.019430  -0.002433   0.006211  -0.003050  -0.000780   0.000929  -0.000294  -0.000054   0.000133  -0.000053  -0.000010   0.000020  -0.000008  -0.000002   0.000003  -0.000001  -0.000000   0.000000  -0.000000  -0.000000   0.000000  -0.000000  -0.000000   0.000000  -0.000000   0.000000
2016 152 183   0.969814  -0.007926   0.043515   0.010192  -0.021794   0.004145   0.002590  -0.002490   0.000264   0.000196  -0.000138   0.000104  -0.000001  -0.000027   0.000011  -0.000001  -0.000002   0.000001  -0.000000  -0.000000   0.000000  -0.000000  -0.000000   0.000000  -0.000000   0.000000   0.000000  -0.000000   0.000000   0.000000
2016 182 214   0.966812  -0.001130   0.033565  -0.017451  -0.017649   0.008548   0.001503  -0.002095   0.000044   0.000104   0.000100   0.000074  -0.000051  -0.000019   0.000008   0.000002   0.000001  -0.000001  -0.000001   0.000000   0.000000  -0.000000  -0.000000  -0.000000   0.000000   0.000000  -0.000000  -0.000000  -0.000000   0.000000
2016 213 245   0.953500   0.002820   0.004299  -0.035499  -0.000724   0.012161  -0.001065  -0.002830  -0.000008   0.000631   0.000224  -0.000130  -0.000101   0.000018   0.000029   0.000002  -0.000007  -0.000002   0.000002   0.000001  -0.000000  -0.000000   0.000000   0.000000   0.000000  -0.000000  -0.000000   0.000000   0.000000  -0.000000
2016 244 275   0.940587   0.006985  -0.026299  -0.031059   0.015566   0.010669  -0.004866  -0.003235   0.001072   0.001059  -0.000130  -0.000332  -0.000012   0.000097   0.000016  -0.000026  -0.000008   0.000007   0.000003  -0.000001  -0.000001   0.000000   0.000000  -0.000000  -0.000000  -0.000000   0.000000   0.000000  -0.000000  -0.000000
2016 274 306   0.931628   0.001319  -0.044910  -0.013456   0.027868   0.004588  -0.009680  -0.001502   0.003141   0.000604  -0.000950  -0.000238   0.000291   0.000089  -0.000091  -0.000033   0.000029   0.000012  -0.000009  -0.000004   0.000003   0.000002  -0.000001  -0.000001   0.000000   0.000000  -0.000000  -0.000000   0.000000   0.000000
2016 305 336   0.931094  -0.003313  -0.049566   0.010426   0.028131  -0.005305  -0.009259   0.002279   0.002853  -0.000865  -0.000821   0.000320   0.000237  -0.000117  -0.000069   0.000042   0.000020  -0.000015  -0.000005   0.000005   0.000001  -0.000002  -0.000000   0.000001   0.000000  -0.000000  -0.000000   0.000000   0.000000  -0.000000
2016 335 367   0.936732  -0.005009  -0.033621   0.030296   0.019649  -0.013058  -0.005713   0.004824   0.001222  -0.001645  -0.000095   0.000528  -0.000061  -0.000160   0.000045   0.000045  -0.000021  -0.000011   0.000009   0.000002  -0.000003  -0.000000   0.000001  -0.000000  -0.000000   0.000000   0.000000  -0.000000  -0.000000   0.000000
2017   0  32   0.950471  -0.004793  -0.002942   0.037935   0.000266  -0.014695   0.000689   0.003961  -0.000861  -0.000766   0.000490   0.000070  -0.000176   0.000023   0.000046  -0.000018  -0.000008   0.000008   0.000000  -0.000002   0.000001   0.000001   0.000000   0.000000   0.000000   0.000000   0.000000   0.000000   0.000000   0.000000
2017  31  60   0.959226  -0.010299   0.021191   0.028774  -0.007168  -0.009013   0.000659   0.001575  -0.000354  -0.000119   0.000177  -0.000021  -0.000043   0.000012   0.000005  -0.000004   0.000000   0.000001   0.000000   0.000000   0.000000   0.000000   0.000000   0.000000   0.000000   0.000000   0.000000   0.000000   0.000000   0.000000
2017  59  91   0.968492   0.002344   0.038310   0.015160  -0.017939  -0.008331   0.000173   0.002143   0.000431  -0.000131   0.000093  -0.000049  -0.000063   0.000007   0.000010   0.000000   0.000001   0.000001   0.000000   0.000000   0.000000   0.000000   0.000000   0.000000   0.000000   0.000000   0.000000   0.000000   0.000000   0.000000
2017  90 121   0.970974   0.009269   0.047495  -0.012150  -0.021397  -0.004726   0.001407   0.002762   0.000546  -0.000165  -0.000123  -0.000117  -0.000021   0.000020   0.000014   0.000003  -0.000001  -0.000001  -0.000001   0.000000   0.000000   0.000000   0.000000   0.000000   0.000000   0.000000   0.000000   0.000000   0.000000   0.000000
2017 120 152   0.964358   0.010653   0.030865  -0.038819  -0.019091   0.001382   0.005222   0.003558  -0.000402  -0.000891  -0.000348  -0.000003   0.000113   0.000062   0.000002  -0.000016  -0.000010  -0.000001   0.000002   0.000001   0.000000   0.000000   0.000000   0.000000   0.000000   0.000000   0.000000   0.000000   0.000000   0.000000
2017 151 182   0.951256   0.018602   0.002981  -0.046057  -0.007498   0.006369   0.006188   0.001441  -0.001566  -0.000898  -0.000005   0.000228   0.000112  -0.000009  -0.000036  -0.000015   0.000003   0.000006   0.000002  -0.000001  -0.000001   0.000000   0.000000   0.000000   0.000000   0.000000   0.000000   0.000000   0.000000   0.000000
2017 181 213   0.939085   0.010793  -0.023873  -0.038550   0.007947   0.010146   0.003884  -0.001479  -0.002154  -0.000159   0.000550   0.000224  -0.000074  -0.000087  -0.000012   0.000020   0.000012  -0.000002  -0.000004  -0.000001   0.000001   0.000001   0.000000   0.000000   0.000000   0.000000   0.000000   0.000000   0.000000   0.000000
2017 212 244   0.931897   0.004507  -0.039931  -0.011078   0.018902   0.005822  -0.000646  -0.002413  -0.000802   0.000684   0.000365  -0.000140  -0.000123   0.000015   0.000034   0.000004  -0.000008  -0.000003   0.000001   0.000001   0.000000   0.000000   0.000000   0.000000   0.000000   0.000000   0.000000   0.000000   0.000000   0.000000
2017 243 274   0.934763  -0.004768  -0.035397   0.015781   0.015305  -0.000768  -0.000681  -0.001163  -0.000306   0.000500   0.000078  -0.000150  -0.000014   0.000034   0.000003  -0.000006  -0.000001   0.000001   0.000000   0.000000   0.000000   0.000000   0.000000   0.000000   0.000000   0.000000   0.000000   0.000000   0.000000   0.000000
2017 273 305   0.944123  -0.007484  -0.011663   0.037691   0.005770  -0.004697   0.001303  -0.001439  -0.000525   0.000655  -0.000064  -0.000160   0.000063   0.000019  -0.000016   0.000003   0.000001  -0.000001   0.000001   0.000000   0.000000   0.000000   0.000000   0.000000   0.000000   0.000000   0.000000   0.000000   0.000000   0.000000
2017 304 335   0.957685  -0.015024   0.020140   0.041231  -0.008183  -0.001447   0.001693  -0.002740   0.000176   0.000541  -0.000272   0.000014   0.000058  -0.000027   0.000005   0.000004  -0.000004   0.000001   0.000001  -0.000001   0.000000   0.000000   0.000000   0.000000   0.000000   0.000000   0.000000   0.000000   0.000000   0.000000
2017 334 366   0.971167  -0.007136   0.048277   0.031163  -0.019416   0.001204  -0.000583  -0.003446   0.001140   0.000284  -0.000239   0.000158  -0.000013  -0.000023   0.000019  -0.000008  -0.000002   0.000003  -0.000001   0.000000   0.000000   0.000000   0.000000   0.000000   0.000000   0.000000   0.000000   0.000000   0.000000   0.000000
2018   0  32   0.976901  -0.002474   0.060386  -0.001115  -0.021974   0.002907  -0.003745  -0.000978   0.001592   0.000017   0.000069   0.000021  -0.000062   0.000009  -0.000005  -0.000004   0.000003   0.000000   0.000000   0.000000   0.000000   0.000000   0.000000   0.000000   0.000000   0.000000   0.000000   0.000000   0.000000   0.000000
2018  31  60   0.968911   0.004251   0.052538  -0.015945  -0.010554   0.003664  -0.002659  -0.000328   0.000529   0.000070   0.000062  -0.000029  -0.000015   0.000004  -0.000001   0.000000   0.000000   0.000000   0.000000   0.000000   0.000000   0.000000   0.000000   0.000000   0.000000   0.000000   0.000000   0.000000   0.000000   0.000000
2018  59  91   0.964161   0.000176   0.029785  -0.029083  -0.010344   0.008114  -0.002053  -0.000941   0.000754   0.000209   0.000045  -0.000094  -0.000043   0.000021   0.000007  -0.000001  -0.000001   0.000000   0.000000   0.000000   0.000000   0.000000   0.000000   0.000000   0.000000   0.000000   0.000000   0.000000   0.000000   0.000000
2018  90 121   0.949882   0.006593  -0.002618  -0.034141   0.005489   0.008252  -0.003126  -0.001342   0.000749   0.000454  -0.000096  -0.000159   0.000003   0.000041   0.000004  -0.000009  -0.000002   0.000002   0.000001   0.000000   0.000000   0.000000   0.000000   0.000000   0.000000   0.000000   0.000000   0.000000   0.000000   0.000000
2018 120 152   0.937452   0.001525  -0.030715  -0.023690   0.020065   0.005756  -0.006773  -0.000951   0.002056   0.000375  -0.000583  -0.000158   0.000164   0.000055  -0.000046  -0.000018   0.000013   0.000006  -0.000004  -0.000002   0.000001   0.000001   0.000000   0.000000   0.000000   0.000000   0.000000   0.000000   0.000000   0.000000
2018 151 182   0.931678  -0.001710  -0.047106  -0.000690   0.026058  -0.002918  -0.007838   0.001905   0.002336  -0.000694  -0.000667   0.000238   0.000187  -0.000084  -0.000052   0.000029   0.000014  -0.000010  -0.000004   0.000003   0.000001  -0.000001   0.000000   0.000000   0.000000   0.000000   0.000000   0.000000   0.000000   0.000000
2018 181 213   0.932337  -0.006626  -0.042720   0.023128   0.023272  -0.011913  -0.005439   0.005125   0.001020  -0.001772  -0.000044   0.000554  -0.000082  -0.000163   0.000055   0.000044  -0.000025  -0.000010   0.000010   0.000002  -0.000004   0.000000   0.000001   0.000000   0.000000   0.000000   0.000000   0.000000   0.000000   0.000000
2018 212 244   0.942482  -0.009502  -0.020105   0.041300   0.006575  -0.015934   0.002157   0.004672  -0.001828  -0.000898   0.000780   0.000019  -0.000249   0.000071   0.000058  -0.000039  -0.000006   0.000014  -0.000002  -0.000004   0.000002   0.000001  -0.000001   0.000000   0.000000   0.000000   0.000000   0.000000   0.000000   0.000000
2018 243 274   0.954929  -0.011714   0.007412   0.037948  -0.009831  -0.011009   0.005455   0.001517  -0.001748   0.000247   0.000328  -0.000224  -0.000009   0.000069  -0.000022  -0.000011   0.000010  -0.000001  -0.000002   0.000001   0.000000   0.000000   0.000000   0.000000   0.000000   0.000000   0.000000   0.000000   0.000000   0.000000
2018 273 305   0.964536  -0.003023   0.027627   0.018501  -0.020969  -0.005261   0.006232   0.000379  -0.001047   0.000286  -0.000037  -0.000133   0.000072   0.000022  -0.000020   0.000003   0.000002  -0.000002   0.000000   0.000001   0.000000   0.000000   0.000000   0.000000   0.000000   0.000000   0.000000   0.000000   0.000000   0.000000
2018 304 335   0.965947   0.003922   0.032832  -0.010711  -0.022118   0.001445   0.005729   0.000460  -0.000636  -0.000212  -0.000145   0.000031   0.000071   0.000006  -0.000010  -0.000004  -0.000001   0.000001   0.000001   0.000000   0.000000   0.000000   0.000000   0.000000   0.000000   0.000000   0.000000   0.000000   0.000000   0.000000
2018 334 366   0.958529   0.007912   0.015186  -0.035891  -0.015478   0.009094   0.007254  -0.000393  -0.001915  -0.000582   0.000163   0.000271   0.000079  -0.000053  -0.000042  -0.000003   0.000010   0.000005  -0.000001  -0.000002  -0.000001   0.000000   0.000000   0.000000   0.000000   0.000000   0.000000   0.000000   0.000000   0.000000
2019   0  32   0.944374   0.010676  -0.015544  -0.043882   0.002378   0.015998   0.004257  -0.004100  -0.002447   0.000486   0.000844   0.000161  -0.000208  -0.000124   0.000025   0.000047   0.000008  -0.000012  -0.000007   0.000002   0.000003   0.000000  -0.000001   0.000000   0.000000   0.000000   0.000000   0.000000   0.000000   0.000000
2019  31  60   0.939605   0.022941  -0.031740  -0.037892   0.006544   0.013128   0.002665  -0.003307  -0.001640   0.000450   0.000563   0.000055  -0.000141  -0.000061   0.000022   0.000024   0.000001  -0.000007  -0.000002   0.000001   0.000001   0.000000   0.000000   0.000000   0.000000   0.000000   0.000000   0.000000   0.000000   0.000000
2019  59  91   0.932941   0.009518  -0.039017  -0.027807   0.017464   0.012583  -0.000224  -0.004693  -0.001171   0.001249   0.000615  -0.000221  -0.000237   0.000005   0.000074   0.000019  -0.000018  -0.000011   0.000003   0.000004   0.000000  -0.000001   0.000000   0.000000   0.000000   0.000000   0.000000   0.000000   0.000000   0.000000
2019  90 121   0.931986   0.003092  -0.043758  -0.002464   0.020625   0.005220  -0.003280  -0.002920   0.000451   0.000972  -0.000033  -0.000275  -0.000024   0.000071   0.000017  -0.000017  -0.000008   0.000003   0.000003  -0.000001  -0.000001   0.000000   0.000000   0.000000   0.000000   0.000000   0.000000   0.000000   0.000000   0.000000
2019 120 152   0.937568  -0.002198  -0.027981   0.023337   0.016263  -0.002339  -0.003121  -0.001226   0.000739   0.000479  -0.000266  -0.000128   0.000081   0.000031  -0.000019  -0.000008   0.000004   0.000002  -0.000001  -0.000001   0.000000   0.000000   0.000000   0.000000   0.000000   0.000000   0.000000   0.000000   0.000000   0.000000
2019 151 182   0.949897  -0.009999  -0.000042   0.036394   0.002649  -0.003962  -0.000998  -0.001094   0.000448   0.000230  -0.000207   0.000007   0.000052  -0.000011  -0.000006   0.000002   0.000000   0.000000   0.000000   0.000000   0.000000   0.000000   0.000000   0.000000   0.000000   0.000000   0.000000   0.000000   0.000000   0.000000
2019 181 213   0.965019  -0.003928   0.033508   0.035359  -0.011729  -0.003416  -0.001347  -0.001841   0.000915   0.000180  -0.000185   0.000107   0.000014  -0.000022   0.000005  -0.000002  -0.000001   0.000001   0.000000   0.000000   0.000000   0.000000   0.000000   0.000000   0.000000   0.000000   0.000000   0.000000   0.000000   0.000000
2019 212 244   0.976382   0.000525   0.058371   0.008677  -0.021673  -0.002043  -0.003487  -0.000039   0.001545  -0.000005   0.000053   0.000033  -0.000056  -0.000006  -0.000005  -0.000001   0.000003   0.000000   0.000000   0.000000   0.000000   0.000000   0.000000   0.000000   0.000000   0.000000   0.000000   0.000000   0.000000   0.000000
2019 243 274   0.973984   0.007137   0.057322  -0.018810  -0.018368  -0.001501  -0.002578   0.001871   0.001176   0.000001  -0.000029  -0.000095  -0.000035  -0.000002   0.000003   0.000006   0.000002   0.000000   0.000000   0.000000   0.000000   0.000000   0.000000   0.000000   0.000000   0.000000   0.000000   0.000000   0.000000   0.000000
2019 273 305   0.963714   0.006817   0.031545  -0.039272  -0.012307   0.001845   0.000243   0.002947   0.000680  -0.000430  -0.000293  -0.000091   0.000039   0.000031   0.000011   0.000000  -0.000004  -0.000002   0.000000   0.000000   0.000000   0.000000   0.000000   0.000000   0.000000   0.000000   0.000000   0.000000   0.000000   0.000000
2019 304 335   0.948766   0.012424  -0.001404  -0.037943   0.001400   0.003036   0.000594   0.001755   0.000069  -0.000488  -0.000197   0.000053   0.000062   0.000006  -0.000007  -0.000003  -0.000001   0.000000   0.000000   0.000000   0.000000   0.000000   0.000000   0.000000   0.000000   0.000000   0.000000   0.000000   0.000000   0.000000
2019 334 366   0.936960   0.003264  -0.028059  -0.023674   0.014860   0.001936  -0.001432   0.001516   0.000091  -0.000636  -0.000099   0.000182   0.000042  -0.000041  -0.000010   0.000008   0.000001  -0.000001   0.000000   0.000000   0.000000   0.000000   0.000000   0.000000   0.000000   0.000000   0.000000   0.000000   0.000000   0.000000
