2008   0 122  10.611375   4.008294  -0.000012   0.000008   0.000001   0.000000   0.000000   0.000003
2008 121 245  18.627998   4.074042  -0.000004  -0.000004   0.000000   0.000003   0.000002   0.000002
2008 244 367   2.677470   4.041161   0.000019   0.000004  -0.000003   0.000000   0.000002   0.000002
2009   0 121  10.628390   3.975436  -0.000010   0.000005  -0.000001   0.000000   0.000002   0.000000
2009 120 244  18.612149   4.074040  -0.000003  -0.000007  -0.000001   0.000000   0.000003  -0.000002
2009 243 366   2.661612   4.041158   0.000018   0.000000  -0.000002  -0.000002   0.000002  -0.000002
2010   0 121  10.612522   3.975432  -0.000012   0.000002   0.000002  -0.000001  -0.000001  -0.000002
2010 120 244  18.596271   4.074035  -0.000007  -0.000007   0.000001  -0.000001  -0.000003  -0.000002
2010 243 366   2.645724   4.041153   0.000014   0.000001  -0.000001   0.000000  -0.000003  -0.000001
2011   0 121  10.596624   3.975426  -0.000012   0.000006   0.000002  -0.000001  -0.000002   0.000001
2011 120 244  18.580364   4.074028  -0.000007  -0.000004   0.000002   0.000001  -0.000001   0.000002
2011 243 366   2.629806   4.041145   0.000017   0.000004  -0.000002   0.000002  -0.000001   0.000002
2012   0 122  10.613550   4.008275  -0.000012   0.000007   0.000001   0.000000   0.000001   0.000002
2012 121 245  18.630134   4.074023  -0.000004  -0.000005   0.000000   0.000002   0.000002   0.000002
2012 244 367   2.679565   4.041140   0.000019   0.000003  -0.000003  -0.000001   0.000002   0.000001
2013   0 121  10.630444   3.975416  -0.000010   0.000005   0.000000   0.000000   0.000002   0.000000
2013 120 244  18.614162   4.074020  -0.000004  -0.000007   0.000000  -0.000001   0.000002  -0.000002
2013 243 366   2.663584   4.041137   0.000017   0.000000  -0.000002  -0.000002   0.000001  -0.000002
2014   0 121  10.614454   3.975412  -0.000012   0.000003   0.000002  -0.000001  -0.000001  -0.000001
2014 120 244  18.598165   4.074015  -0.000007  -0.000006   0.000001  -0.000001  -0.000003  -0.000001
2014 243 366   2.647581   4.041134   0.000015   0.000002  -0.000001   0.000001  -0.000002   0.000000
2015   0 121  10.598447   3.975410  -0.000012   0.000007   0.000002   0.000000  -0.000001   0.000002
2015 120 244  18.582155   4.074013  -0.000006  -0.000004   0.000001   0.000001   0.000000   0.000002
2015 243 366   2.631569   4.041132   0.000019   0.000003  -0.000003   0.000001   0.000001   0.000002
2016   0 122  10.615288   4.008264  -0.000011   0.000006   0.000000  -0.000000   0.000001   0.000001
2016 121 245  18.631851   4.074014  -0.000003  -0.000006  -0.000000   0.000001   0.000002   0.000001
2016 244 367   2.681266   4.041134   0.000019   0.000002  -0.000003  -0.000001   0.000003  -0.000000
2017   0 121  10.632133   3.975411  -0.000010   0.000004   0.000000  -0.000001   0.000001  -0.000001
2017 120 244  18.615845   4.074018  -0.000005  -0.000007   0.000000  -0.000001   0.000000  -0.000002
2017 243 366   2.665265   4.041138   0.000017   0.000000  -0.000001  -0.000001  -0.000001  -0.000002
2018   0 121  10.616138   3.975415  -0.000012   0.000004   0.000003   0.000000  -0.000002   0.000000
2018 120 244  18.599859   4.074020  -0.000007  -0.000005   0.000001   0.000000  -0.000003   0.000000
2018 243 366   2.649287   4.041141   0.000016   0.000003  -0.000001   0.000001  -0.000002   0.000002
2019   0 121  10.600171   3.975419  -0.000011   0.000007   0.000001   0.000000   0.000000   0.000003
2019 120 244  18.583902   4.074025  -0.000005  -0.000004   0.000001   0.000001   0.000002   0.000002
2019 243 366   2.633341   4.041146   0.000020   0.000003  -0.000003   0.000001   0.000002   0.000002
2020   0 122  10.617090   4.008279  -0.000010   0.000006   0.000000  -0.000001   0.000002   0.000001
2020 121 245  18.633686   4.074032  -0.000003  -0.000006  -0.000001   0.000001   0.000003   0.000000
2020 244 367   2.683136   4.041153   0.000019   0.000001  -0.000003  -0.000002   0.000003  -0.000002
