2008   0 122  22.706390   3.929288  -0.104506   0.035594   0.006807  -0.002381   0.000078   0.000048   0.000004   0.000005   0.000055  -0.000016  -0.000058   0.000009   0.000024  -0.000002  -0.000005   0.000002
2008 121 245   6.642883   4.134636  -0.042995  -0.040439   0.005498   0.003242  -0.000450  -0.000119   0.000056   0.000015   0.000022  -0.000066  -0.000029   0.000046   0.000014  -0.000017  -0.000007   0.000007
2008 244 367  14.569967   4.056456   0.152116   0.012392  -0.013619  -0.002069   0.000319   0.000223   0.000017   0.000001  -0.000032  -0.000062   0.000028   0.000042  -0.000010  -0.000014   0.000000   0.000005
2009   0 121  22.724764   3.894085  -0.102330   0.035125   0.006587  -0.002282   0.000138   0.000063  -0.000046   0.000020  -0.000049  -0.000038   0.000050   0.000020  -0.000021  -0.000007   0.000002   0.000000
2009 120 244   6.627341   4.135363  -0.042082  -0.040612   0.005448   0.003215  -0.000413  -0.000175  -0.000001   0.000009  -0.000054   0.000016   0.000068  -0.000011  -0.000034   0.000004   0.000007  -0.000002
2009 243 366  14.554161   4.054293   0.151776   0.012799  -0.013541  -0.002144   0.000300   0.000121   0.000008  -0.000019  -0.000022   0.000065   0.000027  -0.000041  -0.000015   0.000013   0.000005  -0.000005
2010   0 121  22.708649   3.895586  -0.103025   0.034905   0.006617  -0.002323   0.000103  -0.000024  -0.000018  -0.000022   0.000006   0.000070  -0.000006  -0.000038   0.000003   0.000012  -0.000001  -0.000002
2010 120 244   6.611616   4.135871  -0.041391  -0.040746   0.005253   0.003217  -0.000435  -0.000204   0.000063   0.000003   0.000036   0.000046  -0.000054  -0.000032   0.000028   0.000011  -0.000005  -0.000004
2010 243 366  14.538047   4.052283   0.151467   0.013207  -0.013535  -0.002125   0.000262   0.000187   0.000064   0.000002   0.000048  -0.000018  -0.000061   0.000010   0.000030  -0.000003  -0.000008   0.000000
2011   0 121  22.692770   3.897123  -0.103772   0.034669   0.006676  -0.002279   0.000078   0.000078  -0.000011   0.000019   0.000043  -0.000051  -0.000043   0.000029   0.000017  -0.000009   0.000001   0.000002
2011 120 244   6.596034   4.136147  -0.040593  -0.040856   0.005175   0.003296  -0.000416  -0.000117   0.000034   0.000018   0.000000  -0.000074   0.000001   0.000051  -0.000001  -0.000018  -0.000001   0.000007
2011 243 366  14.521868   4.050350   0.151378   0.013605  -0.013371  -0.002119   0.000299   0.000201  -0.000003  -0.000004  -0.000049  -0.000042   0.000050   0.000029  -0.000023  -0.000009   0.000009   0.000005
2012   0 122  22.708168   3.929252  -0.104163   0.035592   0.006901  -0.002392   0.000140   0.000032  -0.000057   0.000009  -0.000056  -0.000001   0.000062  -0.000003  -0.000026   0.000002   0.000004   0.000000
2012 121 245   6.645053   4.134687  -0.043108  -0.040418   0.005569   0.003171  -0.000427  -0.000208   0.000013   0.000004  -0.000037   0.000054   0.000041  -0.000040  -0.000020   0.000017   0.000005  -0.000004
2012 244 367  14.572211   4.056680   0.152028   0.012305  -0.013665  -0.002130   0.000295   0.000117   0.000035  -0.000014   0.000016   0.000064  -0.000018  -0.000047   0.000007   0.000017  -0.000003  -0.000005
2013   0 121  22.726558   3.893760  -0.102225   0.035158   0.006478  -0.002309   0.000084  -0.000007   0.000003  -0.000015   0.000043   0.000048  -0.000044  -0.000027   0.000019   0.000009  -0.000007  -0.000001
2013 120 244   6.629029   4.135307  -0.042308  -0.040582   0.005372   0.003224  -0.000451  -0.000164   0.000076   0.000008   0.000048  -0.000001  -0.000067   0.000003   0.000033  -0.000003  -0.000010  -0.000001
2013 243 366  14.555929   4.054541   0.151746   0.012741  -0.013600  -0.002086   0.000285   0.000222   0.000053   0.000006   0.000023  -0.000057  -0.000034   0.000040   0.000018  -0.000015  -0.000007   0.000003
2014   0 121  22.710470   3.895390  -0.102907   0.034912   0.006613  -0.002268   0.000103   0.000094  -0.000029   0.000027   0.000004  -0.000070  -0.000004   0.000044   0.000001  -0.000015   0.000003   0.000002
2014 120 244   6.613532   4.135831  -0.041449  -0.040724   0.005334   0.003266  -0.000413  -0.000126   0.000007   0.000016  -0.000035  -0.000052   0.000046   0.000038  -0.000023  -0.000015   0.000007   0.000004
2014 243 366  14.539839   4.052338   0.151594   0.013175  -0.013439  -0.002126   0.000310   0.000164  -0.000015  -0.000013  -0.000056   0.000009   0.000062  -0.000003  -0.000029   0.000000   0.000013   0.000000
2015   0 121  22.694373   3.897012  -0.103627   0.034688   0.006751  -0.002319   0.000132  -0.000003  -0.000047  -0.000007  -0.000048   0.000042   0.000050  -0.000028  -0.000020   0.000010   0.000005  -0.000002
2015 120 244   6.597628   4.136204  -0.040625  -0.040867   0.005192   0.003219  -0.000411  -0.000227   0.000028   0.000003  -0.000012   0.000067   0.000008  -0.000052  -0.000004   0.000021   0.000003  -0.000005
2015 243 366  14.523640   4.050577   0.151279   0.013560  -0.013456  -0.002168   0.000256   0.000128   0.000053  -0.000009   0.000039   0.000044  -0.000043  -0.000034   0.000020   0.000013  -0.000007  -0.000003
2016   0 122  22.709946   3.929156  -0.104210   0.035603   0.006782  -0.002388   0.000079   0.000030   0.000010  -0.000001   0.000057   0.000007  -0.000063  -0.000005   0.000027   0.000002  -0.000007   0.000001
2016 121 245   6.646638   4.134444  -0.043224  -0.040366   0.005513   0.003227  -0.000455  -0.000126   0.000068   0.000014   0.000034  -0.000052  -0.000047   0.000036   0.000024  -0.000013  -0.000010   0.000004
2016 244 367  14.573740   4.056827   0.152043   0.012276  -0.013642  -0.002061   0.000313   0.000232   0.000027   0.000005  -0.000016  -0.000068   0.000011   0.000046  -0.000003  -0.000016  -0.000002   0.000005
2017   0 121  22.728272   3.893828  -0.102050   0.035151   0.006551  -0.002273   0.000130   0.000078  -0.000045   0.000023  -0.000037  -0.000054   0.000040   0.000032  -0.000018  -0.000011   0.000003   0.000001
2017 120 244   6.630962   4.135162  -0.042334  -0.040545   0.005481   0.003220  -0.000415  -0.000159  -0.000005   0.000009  -0.000054  -0.000005   0.000068   0.000007  -0.000034  -0.000003   0.000010   0.000001
2017 243 366  14.557792   4.054790   0.151828   0.012687  -0.013543  -0.002133   0.000311   0.000130  -0.000002  -0.000019  -0.000036   0.000055   0.000040  -0.000034  -0.000019   0.000010   0.000007  -0.000004
2018   0 121  22.712234   3.895264  -0.102792   0.034951   0.006610  -0.002324   0.000115  -0.000026  -0.000027  -0.000018  -0.000011   0.000070   0.000009  -0.000042  -0.000003   0.000014   0.000001  -0.000002
2018 120 244   6.615186   4.135684  -0.041638  -0.040709   0.005293   0.003205  -0.000435  -0.000215   0.000055   0.000005   0.000026   0.000058  -0.000039  -0.000044   0.000019   0.000017  -0.000002  -0.000005
2018 243 366  14.541466   4.052709   0.151597   0.013123  -0.013558  -0.002132   0.000261   0.000169   0.000064  -0.000001   0.000053  -0.000001  -0.000062  -0.000002   0.000029   0.000002  -0.000008   0.000000
2019   0 121  22.696400   3.896948  -0.103656   0.034727   0.006648  -0.002283   0.000073   0.000064  -0.000002   0.000012   0.000053  -0.000038  -0.000053   0.000023   0.000021  -0.000007  -0.000003   0.000002
2019 120 244   6.599667   4.135950  -0.040841  -0.040829   0.005193   0.003291  -0.000422  -0.000118   0.000049   0.000017   0.000012  -0.000071  -0.000019   0.000050   0.000010  -0.000018  -0.000007   0.000006
2019 243 366  14.525213   4.050617   0.151517   0.013548  -0.013395  -0.002113   0.000297   0.000215   0.000008   0.000002  -0.000040  -0.000056   0.000037   0.000037  -0.000016  -0.000012   0.000004   0.000004
2020   0 122  22.711870   3.929287  -0.104071   0.035631   0.006885  -0.002385   0.000138   0.000050  -0.000056   0.000014  -0.000054  -0.000018   0.000062   0.000008  -0.000027  -0.000002   0.000003   0.000000
2020 121 245   6.648900   4.134433  -0.043330  -0.040380   0.005603   0.003175  -0.000428  -0.000194   0.000005   0.000005  -0.000046   0.000041   0.000056  -0.000028  -0.000029   0.000010   0.000007  -0.000004
2020 244 367  14.575618   4.056804   0.152148   0.012255  -0.013660  -0.002129   0.000302   0.000116   0.000024  -0.000018   0.000000   0.000069   0.000002  -0.000045  -0.000002   0.000014  -0.000001  -0.000005
