2008   0 122   0.993221   0.012808   0.002299  -0.000664  -0.000048   0.000018   0.000002   0.000014  -0.000002   0.000004  -0.000003  -0.000017   0.000004   0.000011  -0.000002  -0.000004   0.000000   0.000001
2008 121 245   1.012400   0.000958  -0.004190  -0.000042   0.000105   0.000005   0.000003   0.000007  -0.000010   0.000001  -0.000011  -0.000009   0.000014   0.000006  -0.000007  -0.000002   0.000003   0.000000
2008 244 367   0.994536  -0.013781   0.001883   0.000719  -0.000027  -0.000016   0.000006  -0.000006  -0.000008  -0.000001  -0.000013   0.000008   0.000015  -0.000005  -0.000007   0.000002   0.000001  -0.000001
2009   0 121   0.993229   0.012767   0.002253  -0.000649  -0.000042   0.000005   0.000005  -0.000013  -0.000004  -0.000005  -0.000008   0.000016   0.000008  -0.000009  -0.000003   0.000003   0.000001  -0.000001
2009 120 244   1.012362   0.001018  -0.004199  -0.000048   0.000092  -0.000010  -0.000002  -0.000014   0.000002  -0.000001   0.000002   0.000017  -0.000003  -0.000012   0.000001   0.000005  -0.000001  -0.000001
2009 243 366   0.994589  -0.013770   0.001833   0.000715  -0.000051  -0.000016  -0.000006  -0.000006   0.000008  -0.000002   0.000013   0.000008  -0.000015  -0.000005   0.000007   0.000002  -0.000001   0.000000
2010   0 121   0.993176   0.012683   0.002256  -0.000644  -0.000064   0.000012  -0.000009   0.000002   0.000007   0.000001   0.000015  -0.000003  -0.000015   0.000002   0.000007  -0.000001  -0.000002   0.000000
2010 120 244   1.012349   0.001101  -0.004208  -0.000049   0.000087   0.000008  -0.000004   0.000011   0.000006   0.000001   0.000008  -0.000013  -0.000011   0.000010   0.000005  -0.000004  -0.000001   0.000001
2010 243 366   0.994646  -0.013809   0.001831   0.000718  -0.000034  -0.000003   0.000002   0.000014  -0.000002   0.000004  -0.000004  -0.000018   0.000005   0.000012  -0.000002  -0.000004   0.000001   0.000001
2011   0 121   0.993132   0.012641   0.002298  -0.000643  -0.000040   0.000015   0.000007   0.000010  -0.000005   0.000003  -0.000011  -0.000012   0.000012   0.000007  -0.000005  -0.000002   0.000001   0.000001
2011 120 244   1.012375   0.001191  -0.004192  -0.000057   0.000108   0.000001   0.000004   0.000000  -0.000011   0.000000  -0.000013   0.000000   0.000017   0.000000  -0.000008   0.000000   0.000002   0.000000
2011 243 366   0.994694  -0.013856   0.001832   0.000721  -0.000031  -0.000019   0.000004  -0.000012  -0.000005  -0.000003  -0.000008   0.000015   0.000010  -0.000010  -0.000004   0.000004   0.000001  -0.000001
2012   0 122   0.993218   0.012773   0.002297  -0.000657  -0.000052   0.000004   0.000000  -0.000015   0.000000  -0.000004   0.000001   0.000018  -0.000001  -0.000012   0.000001   0.000004   0.000000  -0.000001
2012 121 245   1.012366   0.000975  -0.004216  -0.000048   0.000085  -0.000006  -0.000004  -0.000009   0.000009  -0.000001   0.000010   0.000011  -0.000013  -0.000008   0.000006   0.000003  -0.000002  -0.000001
2012 244 367   0.994527  -0.013763   0.001865   0.000719  -0.000053  -0.000009  -0.000006   0.000004   0.000009   0.000001   0.000013  -0.000005  -0.000016   0.000004   0.000007  -0.000001  -0.000001   0.000000
2013   0 121   0.993242   0.012736   0.002228  -0.000648  -0.000057   0.000016  -0.000006   0.000011   0.000005   0.000004   0.000010  -0.000014  -0.000010   0.000008   0.000004  -0.000003  -0.000002   0.000001
2013 120 244   1.012359   0.001023  -0.004192  -0.000046   0.000095   0.000011   0.000000   0.000014  -0.000001   0.000001   0.000000  -0.000018   0.000000   0.000013   0.000000  -0.000005   0.000001   0.000001
2013 243 366   0.994593  -0.013782   0.001862   0.000719  -0.000028  -0.000007   0.000006   0.000008  -0.000008   0.000002  -0.000012  -0.000010   0.000014   0.000007  -0.000007  -0.000002   0.000001   0.000000
2014   0 121   0.993189   0.012687   0.002274  -0.000645  -0.000035   0.000011   0.000009   0.000000  -0.000007   0.000000  -0.000015   0.000000   0.000015   0.000000  -0.000007   0.000000   0.000002   0.000000
2014 120 244   1.012354   0.001113  -0.004180  -0.000053   0.000104  -0.000006   0.000003  -0.000010  -0.000008  -0.000001  -0.000010   0.000011   0.000013  -0.000008  -0.000006   0.000003   0.000001  -0.000001
2014 243 366   0.994653  -0.013813   0.001822   0.000718  -0.000039  -0.000021  -0.000001  -0.000015   0.000001  -0.000004   0.000002   0.000018  -0.000002  -0.000012   0.000001   0.000004   0.000000  -0.000001
2015   0 121   0.993125   0.012658   0.002280  -0.000642  -0.000059   0.000006  -0.000005  -0.000011   0.000005  -0.000004   0.000010   0.000014  -0.000010  -0.000008   0.000004   0.000003  -0.000001  -0.000001
2015 120 244   1.012350   0.001176  -0.004213  -0.000056   0.000082  -0.000001  -0.000005  -0.000002   0.000011  -0.000001   0.000013   0.000003  -0.000017  -0.000002   0.000008   0.000001  -0.000002   0.000000
2015 243 366   0.994680  -0.013854   0.001808   0.000721  -0.000047  -0.000005  -0.000004   0.000011   0.000006   0.000003   0.000010  -0.000013  -0.000012   0.000009   0.000005  -0.000003  -0.000001   0.000001
2016   0 122   0.993218   0.012776   0.002303  -0.000661  -0.000053   0.000018  -0.000000   0.000015   0.000001   0.000004   0.000001  -0.000018  -0.000001   0.000012   0.000001  -0.000004  -0.000001   0.000001
2016 121 245   1.012387   0.000962  -0.004200  -0.000042   0.000103   0.000008   0.000002   0.000011  -0.000008   0.000001  -0.000009  -0.000013   0.000011   0.000009  -0.000005  -0.000003   0.000002   0.000001
2016 244 367   0.994538  -0.013759   0.001890   0.000716  -0.000027  -0.000013   0.000006  -0.000002  -0.000009  -0.000000  -0.000014   0.000003   0.000017  -0.000002  -0.000008   0.000001   0.000001  -0.000000
2017   0 121   0.993235   0.012739   0.002254  -0.000645  -0.000038   0.000006   0.000007  -0.000010  -0.000006  -0.000004  -0.000012   0.000012   0.000011  -0.000007  -0.000005   0.000002   0.000002  -0.000001
2017 120 244   1.012360   0.001033  -0.004199  -0.000051   0.000097  -0.000010   0.000000  -0.000014  -0.000001  -0.000001  -0.000002   0.000018   0.000003  -0.000013  -0.000001   0.000005   0.000000  -0.000001
2017 243 366   0.994580  -0.013773   0.001847   0.000717  -0.000049  -0.000018  -0.000005  -0.000010   0.000007  -0.000003   0.000010   0.000012  -0.000012  -0.000008   0.000006   0.000003  -0.000001  -0.000001
2018   0 121   0.993182   0.012684   0.002245  -0.000642  -0.000063   0.000010  -0.000009  -0.000003   0.000007  -0.000001   0.000015   0.000003  -0.000015  -0.000002   0.000007   0.000001  -0.000002   0.000000
2018 120 244   1.012354   0.001118  -0.004207  -0.000053   0.000084   0.000006  -0.000005   0.000008   0.000009   0.000001   0.000011  -0.000009  -0.000015   0.000007   0.000007  -0.000002  -0.000002   0.000001
2018 243 366   0.994635  -0.013843   0.001829   0.000723  -0.000039  -0.000003   0.000000   0.000015   0.000001   0.000004   0.000001  -0.000018  -0.000001   0.000012   0.000000  -0.000004   0.000000   0.000001
2019   0 121   0.993121   0.012666   0.002290  -0.000646  -0.000043   0.000016   0.000005   0.000013  -0.000004   0.000005  -0.000008  -0.000015   0.000007   0.000009  -0.000003  -0.000003   0.000001   0.000001
2019 120 244   1.012388   0.001199  -0.004187  -0.000056   0.000106   0.000004   0.000004   0.000005  -0.000010   0.000001  -0.000012  -0.000006   0.000016   0.000004  -0.000008  -0.000001   0.000002   0.000000
2019 243 366   0.994695  -0.013897   0.001825   0.000724  -0.000027  -0.000017   0.000005  -0.000009  -0.000007  -0.000002  -0.000011   0.000011   0.000013  -0.000007  -0.000006   0.000003   0.000001  -0.000001
2020   0 122   0.993193   0.012806   0.002311  -0.000662  -0.000048   0.000004   0.000002  -0.000014  -0.000002  -0.000004  -0.000004   0.000017   0.000004  -0.000011  -0.000002   0.000004   0.000001  -0.000001
2020 121 245   1.012388   0.000983  -0.004213  -0.000046   0.000088  -0.000009  -0.000003  -0.000012   0.000006  -0.000001   0.000007   0.000015  -0.000009  -0.000011   0.000004   0.000004  -0.000002  -0.000001
2020 244 367   0.994543  -0.013788   0.001850   0.000719  -0.000052  -0.000012  -0.000006   0.000000   0.000009   0.000000   0.000014   0.000000  -0.000017   0.000000   0.000008   0.000000  -0.000002   0.000000
