2008   0 122  -5.77856  20.13416   1.76223  -1.00922   0.01265   0.00834  -0.00383   0.00072   0.00025   0.00005   0.00028  -0.00012  -0.00042   0.00006   0.00023  -0.00002  -0.00006   0.00000
2008 121 245  17.15017  -3.51138  -5.78260   0.22107   0.15924  -0.01102  -0.00497   0.00073   0.00002  -0.00018   0.00013   0.00012   0.00017  -0.00003  -0.00017   0.00000   0.00005   0.00001
2008 244 367 -10.73669 -16.74470   3.55716   0.97243  -0.02839  -0.02371  -0.00512   0.00001   0.00051  -0.00008   0.00001   0.00023  -0.00026  -0.00014   0.00018   0.00005  -0.00004  -0.00002
2009   0 121  -5.73497  20.04659   1.70881  -0.98497   0.01330   0.00789  -0.00343   0.00074  -0.00005  -0.00003  -0.00028  -0.00020   0.00037   0.00016  -0.00018  -0.00007   0.00004   0.00001
2009 120 244  17.15995  -3.42708  -5.78776   0.21596   0.15977  -0.01104  -0.00467   0.00085   0.00037   0.00021   0.00000  -0.00004  -0.00017  -0.00010   0.00012   0.00008  -0.00003  -0.00003
2009 243 366 -10.68259 -16.79741   3.53548   0.97309  -0.02763  -0.02332  -0.00547   0.00028   0.00017   0.00004   0.00016  -0.00028   0.00001   0.00024  -0.00005  -0.00011   0.00002   0.00004
2010   0 121  -5.80393  20.01796   1.73255  -0.98521   0.01258   0.00783  -0.00365   0.00037   0.00007  -0.00013   0.00011   0.00040  -0.00008  -0.00029   0.00004   0.00012  -0.00002  -0.00002
2010 120 244  17.17020  -3.34090  -5.79208   0.21185   0.16021  -0.01045  -0.00464   0.00077   0.00028  -0.00027  -0.00017  -0.00004   0.00008   0.00017  -0.00001  -0.00011   0.00000   0.00003
2010 243 366 -10.62688 -16.85131   3.51328   0.97383  -0.02649  -0.02343  -0.00513   0.00007   0.00029   0.00023  -0.00022   0.00010   0.00020  -0.00017  -0.00009   0.00009   0.00001  -0.00004
2011   0 121  -5.87150  19.98948   1.75577  -0.98555   0.01218   0.00819  -0.00365   0.00081   0.00013   0.00007   0.00016  -0.00032  -0.00022   0.00022   0.00011  -0.00008  -0.00001   0.00003
2011 120 244  17.18044  -3.25579  -5.79583   0.20692   0.16027  -0.01055  -0.00506   0.00069   0.00011  -0.00002   0.00017   0.00011   0.00004  -0.00013  -0.00008   0.00007   0.00002  -0.00002
2011 243 366 -10.57050 -16.90483   3.49041   0.97550  -0.02576  -0.02292  -0.00526   0.00002   0.00043  -0.00016   0.00010   0.00012  -0.00022   0.00000   0.00014  -0.00001  -0.00004   0.00001
2012   0 122  -5.77013  20.13472   1.76038  -1.00892   0.01289   0.00835  -0.00364   0.00059  -0.00004  -0.00006  -0.00025   0.00008   0.00032  -0.00006  -0.00017   0.00002   0.00004  -0.00002
2012 121 245  17.14539  -3.52273  -5.78144   0.22168   0.15934  -0.01114  -0.00450   0.00090   0.00041   0.00006  -0.00013  -0.00013  -0.00008   0.00007   0.00009  -0.00002  -0.00005   0.00000
2012 244 367 -10.74274 -16.73432   3.55989   0.97180  -0.02858  -0.02379  -0.00539   0.00028   0.00015   0.00019   0.00004  -0.00021   0.00010   0.00011  -0.00010  -0.00003   0.00005   0.00002
2013   0 121  -5.72641  20.04581   1.70576  -0.98456   0.01292   0.00770  -0.00368   0.00052   0.00013  -0.00008   0.00025   0.00017  -0.00024  -0.00011   0.00012   0.00005  -0.00005  -0.00001
2013 120 244  17.15594  -3.43554  -5.78630   0.21705   0.15973  -0.01077  -0.00476   0.00070   0.00017  -0.00028  -0.00005   0.00012   0.00010   0.00003  -0.00007  -0.00004   0.00004   0.00002
2013 243 366 -10.68712 -16.78885   3.53739   0.97279  -0.02750  -0.02358  -0.00507   0.00005   0.00039   0.00007  -0.00019   0.00015   0.00007  -0.00015   0.00000   0.00006  -0.00001  -0.00003
2014   0 121  -5.79520  20.01795   1.72971  -0.98505   0.01272   0.00795  -0.00352   0.00080   0.00007   0.00009  -0.00005  -0.00030   0.00002   0.00020  -0.00001  -0.00007   0.00001   0.00002
2014 120 244  17.16616  -3.35103  -5.79090   0.21210   0.15997  -0.01078  -0.00494   0.00080   0.00020   0.00009   0.00016  -0.00003  -0.00008  -0.00007   0.00001   0.00005   0.00001  -0.00002
2014 243 366 -10.63197 -16.84228   3.51463   0.97384  -0.02679  -0.02315  -0.00539   0.00009   0.00034  -0.00009   0.00019   0.00002  -0.00017   0.00005   0.00008  -0.00003  -0.00005   0.00002
2015   0 121  -5.86394  19.98993   1.75338  -0.98526   0.01241   0.00814  -0.00354   0.00049   0.00000  -0.00016  -0.00016   0.00021   0.00018  -0.00012  -0.00009   0.00004   0.00003  -0.00001
2015 120 244  17.17712  -3.26417  -5.79501   0.20733   0.16053  -0.01048  -0.00460   0.00080   0.00037  -0.00001  -0.00020  -0.00006   0.00004   0.00004   0.00003  -0.00002  -0.00004   0.00000
2015 243 366 -10.57562 -16.89750   3.49274   0.97486  -0.02575  -0.02309  -0.00529   0.00022   0.00020   0.00020  -0.00006  -0.00019   0.00012   0.00010  -0.00008  -0.00003   0.00004   0.00001
2016   0 122  -5.76185  20.13610   1.75722  -1.00904   0.01263   0.00828  -0.00390   0.00065   0.00011   0.00003   0.00026   0.00000  -0.00024  -0.00004   0.00011   0.00002  -0.00003  -0.00001
2016 121 245  17.14342  -3.53072  -5.78016   0.22227   0.15907  -0.01102  -0.00482   0.00072   0.00017  -0.00024   0.00010   0.00012   0.00001   0.00000  -0.00003  -0.00002   0.00001   0.00002
2016 244 367 -10.74731 -16.72801   3.56163   0.97177  -0.02860  -0.02380  -0.00514   0.00001   0.00037  -0.00003  -0.00009   0.00023  -0.00001  -0.00017   0.00002   0.00007   0.00000  -0.00003
2017   0 121  -5.71871  20.04848   1.70375  -0.98471   0.01318   0.00780  -0.00338   0.00075   0.00011   0.00002  -0.00019  -0.00022   0.00013   0.00016  -0.00004  -0.00006   0.00000   0.00002
2017 120 244  17.15415  -3.44570  -5.78541   0.21723   0.15956  -0.01104  -0.00480   0.00087   0.00020   0.00016   0.00004  -0.00010  -0.00002  -0.00003  -0.00001   0.00004   0.00002  -0.00002
2017 243 366 -10.69312 -16.78233   3.53962   0.97278  -0.02788  -0.02344  -0.00540   0.00022   0.00034   0.00003   0.00021  -0.00015  -0.00019   0.00014   0.00009  -0.00006  -0.00004   0.00002
2018   0 121  -5.78752  20.02103   1.72738  -0.98480   0.01271   0.00790  -0.00364   0.00045  -0.00006  -0.00019   0.00000   0.00028   0.00010  -0.00016  -0.00007   0.00006   0.00003  -0.00001
2018 120 244  17.16546  -3.35967  -5.79012   0.21290   0.16011  -0.01067  -0.00455   0.00074   0.00039  -0.00013  -0.00019   0.00004  -0.00001   0.00001   0.00007  -0.00002  -0.00004   0.00000
2018 243 366 -10.63751 -16.83767   3.51717   0.97376  -0.02659  -0.02336  -0.00521   0.00018   0.00018   0.00016  -0.00021  -0.00009   0.00029   0.00003  -0.00016   0.00000   0.00005   0.00000
2019   0 121  -5.85509  19.99447   1.75027  -0.98562   0.01226   0.00800  -0.00368   0.00067   0.00016   0.00014   0.00022  -0.00011  -0.00028   0.00002   0.00014   0.00000  -0.00003  -0.00001
2019 120 244  17.17705  -3.27497  -5.79420   0.20830   0.16020  -0.01044  -0.00503   0.00073   0.00012  -0.00019   0.00016   0.00002   0.00004   0.00006  -0.00007  -0.00004   0.00002   0.00003
2019 243 366 -10.58204 -16.89248   3.49425   0.97511  -0.02577  -0.02312  -0.00523  -0.00008   0.00042  -0.00005   0.00004   0.00029  -0.00017  -0.00022   0.00011   0.00009  -0.00003  -0.00002
2020   0 122  -5.75369  20.14227   1.75490  -1.00916   0.01301   0.00848  -0.00361   0.00073   0.00003  -0.00011  -0.00025  -0.00014   0.00027   0.00016  -0.00012  -0.00008   0.00001   0.00002
2020 121 245  17.14314  -3.54350  -5.77996   0.22272   0.15920  -0.01133  -0.00458   0.00086   0.00031   0.00019  -0.00009  -0.00001  -0.00003  -0.00011   0.00004   0.00007  -0.00001  -0.00004
2020 244 367 -10.75539 -16.72221   3.56387   0.97158  -0.02871  -0.02364  -0.00538   0.00036   0.00024   0.00008   0.00011  -0.00034  -0.00003   0.00028  -0.00001  -0.00012   0.00001   0.00004
2021   0 121  -5.71036  20.05506   1.70110  -0.98513   0.01305   0.00760  -0.00370   0.00042  -0.00001  -0.00008   0.00016   0.00034  -0.00006  -0.00026   0.00001   0.00012   0.00000  -0.00002
2021 120 244  17.15477  -3.45722  -5.78523   0.21847   0.15961  -0.01074  -0.00461   0.00075   0.00032  -0.00031  -0.00009   0.00002  -0.00005   0.00012   0.00006  -0.00008  -0.00001   0.00004
2021 243 366 -10.70088 -16.77753   3.54197   0.97230  -0.02761  -0.02369  -0.00513   0.00004   0.00023   0.00016  -0.00024   0.00017   0.00029  -0.00020  -0.00015   0.00010   0.00003  -0.00004
